   9.0000000e+00   3.0174201e-42
   9.0204711e+00   4.7241704e-42
   9.0409888e+00   8.5483131e-42
   9.0615532e+00   2.0371275e-41
   9.0821643e+00   1.0256875e-40
   9.1028223e+00   1.4377428e-39
   9.1235273e+00   4.2323807e-41
   9.1442794e+00   1.2467780e-41
   9.1650787e+00   5.8123484e-42
   9.1859254e+00   3.3254981e-42
   9.2068194e+00   2.1382293e-42
   9.2277609e+00   1.4828536e-42
   9.2487501e+00   1.0844345e-42
   9.2697870e+00   8.2493480e-43
   9.2908718e+00   6.4693135e-43
   9.3120046e+00   5.1980051e-43
   9.3331854e+00   4.2601666e-43
   9.3544144e+00   3.5497235e-43
   9.3756916e+00   2.9994798e-43
   9.3970173e+00   2.5652269e-43
   9.4183915e+00   2.2169363e-43
   9.4398142e+00   1.9336460e-43
   9.4612858e+00   1.7003735e-43
   9.4828061e+00   1.5061863e-43
   9.5043754e+00   1.3429606e-43
   9.5259938e+00   1.2045609e-43
   9.5476613e+00   1.0862860e-43
   9.5693781e+00   9.8448667e-44
   9.5911444e+00   8.9629642e-44
   9.6129601e+00   8.1943957e-44
   9.6348254e+00   7.5209156e-44
   9.6567405e+00   6.9277641e-44
   9.6787055e+00   6.4029027e-44
   9.7007204e+00   5.9364376e-44
   9.7227853e+00   5.5201810e-44
   9.7449005e+00   5.1473109e-44
   9.7670659e+00   4.8121090e-44
   9.7892818e+00   4.5097548e-44
   9.8115482e+00   4.2361634e-44
   9.8338653e+00   3.9878560e-44
   9.8562331e+00   3.7618562e-44
   9.8786518e+00   3.5556055e-44
   9.9011214e+00   3.3668957e-44
   9.9236422e+00   3.1938137e-44
   9.9462143e+00   3.0346957e-44
   9.9688376e+00   2.8880893e-44
   9.9915124e+00   2.7527237e-44
   1.0014239e+01   2.6274827e-44
   1.0037017e+01   2.5113831e-44
   1.0059847e+01   2.4035559e-44
   1.0082729e+01   2.3032308e-44
   1.0105662e+01   2.2097229e-44
   1.0128649e+01   2.1224228e-44
   1.0151687e+01   2.0407866e-44
   1.0174778e+01   1.9643274e-44
   1.0197921e+01   1.8926089e-44
   1.0221117e+01   1.8252390e-44
   1.0244365e+01   1.7618645e-44
   1.0267667e+01   1.7021667e-44
   1.0291021e+01   1.6458579e-44
   1.0314429e+01   1.5926771e-44
   1.0337890e+01   1.5423882e-44
   1.0361404e+01   1.4947763e-44
   1.0384972e+01   1.4496459e-44
   1.0408593e+01   1.4068190e-44
   1.0432268e+01   1.3661328e-44
   1.0455997e+01   1.3274389e-44
   1.0479780e+01   1.2906011e-44
   1.0503617e+01   1.2554950e-44
   1.0527508e+01   1.2220059e-44
   1.0551454e+01   1.1900287e-44
   1.0575454e+01   1.1594667e-44
   1.0599509e+01   1.1302308e-44
   1.0623618e+01   1.1022387e-44
   1.0647782e+01   1.0754146e-44
   1.0672001e+01   1.0496883e-44
   1.0696275e+01   1.0249948e-44
   1.0720605e+01   1.0012741e-44
   1.0744990e+01   9.7847041e-45
   1.0769430e+01   9.5653193e-45
   1.0793926e+01   9.3541059e-45
   1.0818477e+01   9.1506166e-45
   1.0843085e+01   8.9544351e-45
   1.0867748e+01   8.7651737e-45
   1.0892467e+01   8.5824707e-45
   1.0917243e+01   8.4059886e-45
   1.0942075e+01   8.2354121e-45
   1.0966964e+01   8.0704461e-45
   1.0991909e+01   7.9108148e-45
   1.1016911e+01   7.7562601e-45
   1.1041969e+01   7.6065397e-45
   1.1067085e+01   7.4614266e-45
   1.1092258e+01   7.3207075e-45
   1.1117488e+01   7.1841821e-45
   1.1142775e+01   7.0516622e-45
   1.1168120e+01   6.9229707e-45
   1.1193523e+01   6.7979409e-45
   1.1218984e+01   6.6764155e-45
   1.1244502e+01   6.5582464e-45
   1.1270078e+01   6.4432937e-45
   1.1295713e+01   6.3314257e-45
   1.1321406e+01   6.2225174e-45
   1.1347157e+01   6.1164511e-45
   1.1372967e+01   6.0131151e-45
   1.1398836e+01   5.9124038e-45
   1.1424763e+01   5.8142171e-45
   1.1450750e+01   5.7184602e-45
   1.1476795e+01   5.6250430e-45
   1.1502900e+01   5.5338802e-45
   1.1529064e+01   5.4448906e-45
   1.1555288e+01   5.3579969e-45
   1.1581571e+01   5.2731259e-45
   1.1607914e+01   5.1902078e-45
   1.1634317e+01   5.1091761e-45
   1.1660780e+01   5.0299673e-45
   1.1687303e+01   4.9525211e-45
   1.1713887e+01   4.8767800e-45
   1.1740531e+01   4.8026888e-45
   1.1767236e+01   4.7301950e-45
   1.1794001e+01   4.6592485e-45
   1.1820827e+01   4.5898013e-45
   1.1847715e+01   4.5218073e-45
   1.1874663e+01   4.4552226e-45
   1.1901673e+01   4.3900052e-45
   1.1928744e+01   4.3261146e-45
   1.1955877e+01   4.2635121e-45
   1.1983071e+01   4.2021606e-45
   1.2010328e+01   4.1420245e-45
   1.2037646e+01   4.0830695e-45
   1.2065026e+01   4.0252628e-45
   1.2092469e+01   3.9685727e-45
   1.2119974e+01   3.9129687e-45
   1.2147542e+01   3.8584217e-45
   1.2175173e+01   3.8049035e-45
   1.2202866e+01   3.7523869e-45
   1.2230622e+01   3.7008458e-45
   1.2258441e+01   3.6502550e-45
   1.2286324e+01   3.6005901e-45
   1.2314270e+01   3.5518276e-45
   1.2342280e+01   3.5039450e-45
   1.2370353e+01   3.4569204e-45
   1.2398491e+01   3.4107326e-45
   1.2426692e+01   3.3653612e-45
   1.2454957e+01   3.3207864e-45
   1.2483287e+01   3.2769892e-45
   1.2511681e+01   3.2339511e-45
   1.2540140e+01   3.1916542e-45
   1.2568663e+01   3.1500811e-45
   1.2597251e+01   3.1092152e-45
   1.2625905e+01   3.0690400e-45
   1.2654623e+01   3.0295400e-45
   1.2683407e+01   2.9906997e-45
   1.2712256e+01   2.9525044e-45
   1.2741171e+01   2.9149397e-45
   1.2770152e+01   2.8779917e-45
   1.2799198e+01   2.8416468e-45
   1.2828311e+01   2.8058919e-45
   1.2857490e+01   2.7707142e-45
   1.2886735e+01   2.7361013e-45
   1.2916047e+01   2.7020411e-45
   1.2945426e+01   2.6685219e-45
   1.2974871e+01   2.6355323e-45
   1.3004383e+01   2.6030613e-45
   1.3033962e+01   2.5710980e-45
   1.3063609e+01   2.5396320e-45
   1.3093323e+01   2.5086531e-45
   1.3123105e+01   2.4781514e-45
   1.3152954e+01   2.4481170e-45
   1.3182872e+01   2.4185408e-45
   1.3212857e+01   2.3894134e-45
   1.3242911e+01   2.3607259e-45
   1.3273032e+01   2.3324697e-45
   1.3303223e+01   2.3046363e-45
   1.3333482e+01   2.2772173e-45
   1.3363810e+01   2.2502048e-45
   1.3394207e+01   2.2235908e-45
   1.3424673e+01   2.1973678e-45
   1.3455208e+01   2.1715282e-45
   1.3485813e+01   2.1460647e-45
   1.3516487e+01   2.1209703e-45
   1.3547232e+01   2.0962379e-45
   1.3578046e+01   2.0718609e-45
   1.3608930e+01   2.0478326e-45
   1.3639884e+01   2.0241465e-45
   1.3670909e+01   2.0007964e-45
   1.3702005e+01   1.9777761e-45
   1.3733171e+01   1.9550795e-45
   1.3764408e+01   1.9327009e-45
   1.3795716e+01   1.9106345e-45
   1.3827095e+01   1.8888747e-45
   1.3858546e+01   1.8674160e-45
   1.3890068e+01   1.8462530e-45
   1.3921662e+01   1.8253806e-45
   1.3953328e+01   1.8047936e-45
   1.3985066e+01   1.7844871e-45
   1.4016876e+01   1.7644561e-45
   1.4048758e+01   1.7446959e-45
   1.4080713e+01   1.7252018e-45
   1.4112741e+01   1.7059693e-45
   1.4144841e+01   1.6869938e-45
   1.4177015e+01   1.6682711e-45
   1.4209261e+01   1.6497968e-45
   1.4241581e+01   1.6315668e-45
   1.4273975e+01   1.6135769e-45
   1.4306442e+01   1.5958232e-45
   1.4338983e+01   1.5783017e-45
   1.4371598e+01   1.5610086e-45
   1.4404287e+01   1.5439402e-45
   1.4437051e+01   1.5270928e-45
   1.4469889e+01   1.5104628e-45
   1.4502801e+01   1.4940466e-45
   1.4535789e+01   1.4778408e-45
   1.4568852e+01   1.4618420e-45
   1.4601990e+01   1.4460470e-45
   1.4635203e+01   1.4304524e-45
   1.4668492e+01   1.4150551e-45
   1.4701856e+01   1.3998520e-45
   1.4735297e+01   1.3848400e-45
   1.4768813e+01   1.3700161e-45
   1.4802406e+01   1.3553775e-45
   1.4836075e+01   1.3409212e-45
   1.4869820e+01   1.3266444e-45
   1.4903643e+01   1.3125444e-45
   1.4937542e+01   1.2986185e-45
   1.4971519e+01   1.2848640e-45
   1.5005573e+01   1.2712782e-45
   1.5039704e+01   1.2578588e-45
   1.5073913e+01   1.2446031e-45
   1.5108199e+01   1.2315087e-45
   1.5142564e+01   1.2185732e-45
   1.5177007e+01   1.2057942e-45
   1.5211528e+01   1.1931695e-45
   1.5246128e+01   1.1806967e-45
   1.5280806e+01   1.1683737e-45
   1.5315563e+01   1.1561981e-45
   1.5350400e+01   1.1441680e-45
   1.5385315e+01   1.1322811e-45
   1.5420310e+01   1.1205355e-45
   1.5455385e+01   1.1089290e-45
   1.5490539e+01   1.0974598e-45
   1.5525773e+01   1.0861257e-45
   1.5561088e+01   1.0749250e-45
   1.5596483e+01   1.0638557e-45
   1.5631958e+01   1.0529159e-45
   1.5667514e+01   1.0421039e-45
   1.5703151e+01   1.0314179e-45
   1.5738869e+01   1.0208561e-45
   1.5774668e+01   1.0104167e-45
   1.5810548e+01   1.0000981e-45
   1.5846511e+01   9.8989868e-46
   1.5882555e+01   9.7981670e-46
   1.5918681e+01   9.6985060e-46
   1.5954889e+01   9.5999880e-46
   1.5991179e+01   9.5025973e-46
   1.6027552e+01   9.4063187e-46
   1.6064008e+01   9.3111373e-46
   1.6100547e+01   9.2170382e-46
   1.6137169e+01   9.1240070e-46
   1.6173874e+01   9.0320294e-46
   1.6210662e+01   8.9410913e-46
   1.6247535e+01   8.8511791e-46
   1.6284491e+01   8.7622790e-46
   1.6321531e+01   8.6743778e-46
   1.6358655e+01   8.5874624e-46
   1.6395864e+01   8.5015199e-46
   1.6433158e+01   8.4165375e-46
   1.6470536e+01   8.3325028e-46
   1.6508000e+01   8.2494034e-46
   1.6545548e+01   8.1672274e-46
   1.6583182e+01   8.0859628e-46
   1.6620902e+01   8.0055978e-46
   1.6658707e+01   7.9261211e-46
   1.6696599e+01   7.8475211e-46
   1.6734576e+01   7.7697869e-46
   1.6772640e+01   7.6929073e-46
   1.6810791e+01   7.6168716e-46
   1.6849028e+01   7.5416691e-46
   1.6887352e+01   7.4672894e-46
   1.6925764e+01   7.3937222e-46
   1.6964263e+01   7.3209571e-46
   1.7002849e+01   7.2489844e-46
   1.7041523e+01   7.1777941e-46
   1.7080285e+01   7.1073764e-46
   1.7119136e+01   7.0377220e-46
   1.7158074e+01   6.9688212e-46
   1.7197101e+01   6.9006650e-46
   1.7236217e+01   6.8332440e-46
   1.7275422e+01   6.7665495e-46
   1.7314717e+01   6.7005723e-46
   1.7354100e+01   6.6353039e-46
   1.7393573e+01   6.5707357e-46
   1.7433136e+01   6.5068591e-46
   1.7472789e+01   6.4436658e-46
   1.7512532e+01   6.3811476e-46
   1.7552366e+01   6.3192963e-46
   1.7592290e+01   6.2581040e-46
   1.7632305e+01   6.1975627e-46
   1.7672410e+01   6.1376647e-46
   1.7712608e+01   6.0784024e-46
   1.7752896e+01   6.0197682e-46
   1.7793276e+01   5.9617546e-46
   1.7833748e+01   5.9043544e-46
   1.7874313e+01   5.8475602e-46
   1.7914969e+01   5.7913649e-46
   1.7955718e+01   5.7357616e-46
   1.7996559e+01   5.6807432e-46
   1.8037494e+01   5.6263030e-46
   1.8078521e+01   5.5724342e-46
   1.8119642e+01   5.5191301e-46
   1.8160856e+01   5.4663842e-46
   1.8202165e+01   5.4141899e-46
   1.8243567e+01   5.3625410e-46
   1.8285063e+01   5.3114312e-46
   1.8326654e+01   5.2608541e-46
   1.8368339e+01   5.2108037e-46
   1.8410119e+01   5.1612740e-46
   1.8451994e+01   5.1122590e-46
   1.8493964e+01   5.0637527e-46
   1.8536030e+01   5.0157495e-46
   1.8578192e+01   4.9682435e-46
   1.8620449e+01   4.9212291e-46
   1.8662803e+01   4.8747007e-46
   1.8705252e+01   4.8286529e-46
   1.8747799e+01   4.7830802e-46
   1.8790442e+01   4.7379772e-46
   1.8833182e+01   4.6933387e-46
   1.8876020e+01   4.6491593e-46
   1.8918954e+01   4.6054341e-46
   1.8961987e+01   4.5621578e-46
   1.9005117e+01   4.5193255e-46
   1.9048346e+01   4.4769322e-46
   1.9091673e+01   4.4349730e-46
   1.9135098e+01   4.3934431e-46
   1.9178622e+01   4.3523377e-46
   1.9222245e+01   4.3116522e-46
   1.9265967e+01   4.2713817e-46
   1.9309789e+01   4.2315218e-46
   1.9353711e+01   4.1920680e-46
   1.9397732e+01   4.1530157e-46
   1.9441854e+01   4.1143605e-46
   1.9486075e+01   4.0760981e-46
   1.9530398e+01   4.0382242e-46
   1.9574821e+01   4.0007345e-46
   1.9619345e+01   3.9636248e-46
   1.9663971e+01   3.9268909e-46
   1.9708698e+01   3.8905288e-46
   1.9753527e+01   3.8545344e-46
   1.9798458e+01   3.8189037e-46
   1.9843491e+01   3.7836328e-46
   1.9888626e+01   3.7487177e-46
   1.9933864e+01   3.7141547e-46
   1.9979205e+01   3.6799398e-46
   2.0024649e+01   3.6460693e-46
   2.0070197e+01   3.6125396e-46
   2.0115848e+01   3.5793469e-46
   2.0161603e+01   3.5464877e-46
   2.0207462e+01   3.5139583e-46
   2.0253425e+01   3.4817552e-46
   2.0299493e+01   3.4498749e-46
   2.0345665e+01   3.4183139e-46
   2.0391943e+01   3.3870689e-46
   2.0438326e+01   3.3561365e-46
   2.0484814e+01   3.3255133e-46
   2.0531408e+01   3.2951960e-46
   2.0578108e+01   3.2651814e-46
   2.0624915e+01   3.2354663e-46
   2.0671828e+01   3.2060474e-46
   2.0718847e+01   3.1769218e-46
   2.0765974e+01   3.1480861e-46
   2.0813207e+01   3.1195375e-46
   2.0860548e+01   3.0912728e-46
   2.0907997e+01   3.0632890e-46
   2.0955554e+01   3.0355833e-46
   2.1003219e+01   3.0081526e-46
   2.1050992e+01   2.9809941e-46
   2.1098874e+01   2.9541049e-46
   2.1146865e+01   2.9274821e-46
   2.1194965e+01   2.9011231e-46
   2.1243174e+01   2.8750250e-46
   2.1291493e+01   2.8491852e-46
   2.1339922e+01   2.8236008e-46
   2.1388461e+01   2.7982692e-46
   2.1437111e+01   2.7731879e-46
   2.1485871e+01   2.7483541e-46
   2.1534742e+01   2.7237654e-46
   2.1583725e+01   2.6994192e-46
   2.1632818e+01   2.6753129e-46
   2.1682024e+01   2.6514440e-46
   2.1731341e+01   2.6278102e-46
   2.1780770e+01   2.6044089e-46
   2.1830312e+01   2.5812378e-46
   2.1879967e+01   2.5582944e-46
   2.1929734e+01   2.5355765e-46
   2.1979615e+01   2.5130817e-46
   2.2029609e+01   2.4908077e-46
   2.2079717e+01   2.4687522e-46
   2.2129939e+01   2.4469130e-46
   2.2180275e+01   2.4252878e-46
   2.2230726e+01   2.4038745e-46
   2.2281291e+01   2.3826708e-46
   2.2331971e+01   2.3616747e-46
   2.2382767e+01   2.3408840e-46
   2.2433678e+01   2.3202966e-46
   2.2484705e+01   2.2999104e-46
   2.2535848e+01   2.2797234e-46
   2.2587108e+01   2.2597335e-46
   2.2638483e+01   2.2399387e-46
   2.2689976e+01   2.2203370e-46
   2.2741586e+01   2.2009265e-46
   2.2793314e+01   2.1817052e-46
   2.2845159e+01   2.1626712e-46
   2.2897121e+01   2.1438225e-46
   2.2949203e+01   2.1251574e-46
   2.3001402e+01   2.1066739e-46
   2.3053720e+01   2.0883702e-46
   2.3106158e+01   2.0702444e-46
   2.3158714e+01   2.0522949e-46
   2.3211390e+01   2.0345197e-46
   2.3264186e+01   2.0169171e-46
   2.3317102e+01   1.9994854e-46
   2.3370139e+01   1.9822228e-46
   2.3423296e+01   1.9651277e-46
   2.3476574e+01   1.9481984e-46
   2.3529973e+01   1.9314331e-46
   2.3583493e+01   1.9148302e-46
   2.3637136e+01   1.8983882e-46
   2.3690900e+01   1.8821053e-46
   2.3744787e+01   1.8659800e-46
   2.3798796e+01   1.8500107e-46
   2.3852928e+01   1.8341958e-46
   2.3907183e+01   1.8185338e-46
   2.3961561e+01   1.8030232e-46
   2.4016064e+01   1.7876624e-46
   2.4070690e+01   1.7724499e-46
   2.4125440e+01   1.7573842e-46
   2.4180315e+01   1.7424640e-46
   2.4235315e+01   1.7276876e-46
   2.4290440e+01   1.7130538e-46
   2.4345690e+01   1.6985610e-46
   2.4401066e+01   1.6842078e-46
   2.4456568e+01   1.6699929e-46
   2.4512196e+01   1.6559149e-46
   2.4567951e+01   1.6419724e-46
   2.4623833e+01   1.6281641e-46
   2.4679841e+01   1.6144887e-46
   2.4735977e+01   1.6009447e-46
   2.4792241e+01   1.5875310e-46
   2.4848633e+01   1.5742461e-46
   2.4905153e+01   1.5610889e-46
   2.4961801e+01   1.5480581e-46
   2.5018579e+01   1.5351524e-46
   2.5075485e+01   1.5223705e-46
   2.5132521e+01   1.5097114e-46
   2.5189687e+01   1.4971736e-46
   2.5246982e+01   1.4847561e-46
   2.5304408e+01   1.4724576e-46
   2.5361965e+01   1.4602770e-46
   2.5419653e+01   1.4482131e-46
   2.5477471e+01   1.4362647e-46
   2.5535422e+01   1.4244307e-46
   2.5593504e+01   1.4127100e-46
   2.5651718e+01   1.4011015e-46
   2.5710065e+01   1.3896041e-46
   2.5768544e+01   1.3782165e-46
   2.5827156e+01   1.3669379e-46
   2.5885902e+01   1.3557671e-46
   2.5944781e+01   1.3447030e-46
   2.6003794e+01   1.3337446e-46
   2.6062942e+01   1.3228909e-46
   2.6122224e+01   1.3121408e-46
   2.6181641e+01   1.3014933e-46
   2.6241193e+01   1.2909474e-46
   2.6300880e+01   1.2805021e-46
   2.6360703e+01   1.2701565e-46
   2.6420663e+01   1.2599095e-46
   2.6480758e+01   1.2497601e-46
   2.6540991e+01   1.2397075e-46
   2.6601360e+01   1.2297506e-46
   2.6661867e+01   1.2198886e-46
   2.6722511e+01   1.2101204e-46
   2.6783293e+01   1.2004453e-46
   2.6844213e+01   1.1908622e-46
   2.6905273e+01   1.1813703e-46
   2.6966470e+01   1.1719687e-46
   2.7027808e+01   1.1626565e-46
   2.7089284e+01   1.1534329e-46
   2.7150901e+01   1.1442968e-46
   2.7212657e+01   1.1352476e-46
   2.7274554e+01   1.1262844e-46
   2.7336592e+01   1.1174063e-46
   2.7398771e+01   1.1086125e-46
   2.7461092e+01   1.0999021e-46
   2.7523554e+01   1.0912745e-46
   2.7586158e+01   1.0827287e-46
   2.7648905e+01   1.0742639e-46
   2.7711794e+01   1.0658794e-46
   2.7774827e+01   1.0575744e-46
   2.7838002e+01   1.0493481e-46
   2.7901322e+01   1.0411998e-46
   2.7964785e+01   1.0331287e-46
   2.8028393e+01   1.0251340e-46
   2.8092146e+01   1.0172150e-46
   2.8156043e+01   1.0093710e-46
   2.8220086e+01   1.0016012e-46
   2.8284275e+01   9.9390495e-47
   2.8348609e+01   9.8628150e-47
   2.8413090e+01   9.7873015e-47
   2.8477718e+01   9.7125020e-47
   2.8542492e+01   9.6384097e-47
   2.8607414e+01   9.5650176e-47
   2.8672484e+01   9.4923189e-47
   2.8737701e+01   9.4203070e-47
   2.8803067e+01   9.3489753e-47
   2.8868582e+01   9.2783170e-47
   2.8934245e+01   9.2083258e-47
   2.9000058e+01   9.1389951e-47
   2.9066021e+01   9.0703186e-47
   2.9132134e+01   9.0022900e-47
   2.9198397e+01   8.9349029e-47
   2.9264811e+01   8.8681513e-47
   2.9331375e+01   8.8020288e-47
   2.9398092e+01   8.7365296e-47
   2.9464960e+01   8.6716475e-47
   2.9531980e+01   8.6073767e-47
   2.9599152e+01   8.5437111e-47
   2.9666478e+01   8.4806450e-47
   2.9733956e+01   8.4181726e-47
   2.9801588e+01   8.3562882e-47
   2.9869374e+01   8.2949861e-47
   2.9937314e+01   8.2342606e-47
   3.0005408e+01   8.1741063e-47
   3.0073658e+01   8.1145176e-47
   3.0142062e+01   8.0554891e-47
   3.0210623e+01   7.9970153e-47
   3.0279339e+01   7.9390910e-47
   3.0348211e+01   7.8817109e-47
   3.0417240e+01   7.8248696e-47
   3.0486427e+01   7.7685622e-47
   3.0555770e+01   7.7127833e-47
   3.0625271e+01   7.6575279e-47
   3.0694931e+01   7.6027910e-47
   3.0764748e+01   7.5485676e-47
   3.0834725e+01   7.4948528e-47
   3.0904861e+01   7.4416416e-47
   3.0975156e+01   7.3889293e-47
   3.1045611e+01   7.3367111e-47
   3.1116226e+01   7.2849821e-47
   3.1187003e+01   7.2337377e-47
   3.1257940e+01   7.1829733e-47
   3.1329038e+01   7.1326843e-47
   3.1400298e+01   7.0828660e-47
   3.1471720e+01   7.0335140e-47
   3.1543305e+01   6.9846238e-47
   3.1615052e+01   6.9361909e-47
   3.1686963e+01   6.8882111e-47
   3.1759037e+01   6.8406799e-47
   3.1831275e+01   6.7935930e-47
   3.1903678e+01   6.7469461e-47
   3.1976245e+01   6.7007352e-47
   3.2048977e+01   6.6549559e-47
   3.2121875e+01   6.6096042e-47
   3.2194938e+01   6.5646759e-47
   3.2268168e+01   6.5201670e-47
   3.2341564e+01   6.4760735e-47
   3.2415127e+01   6.4323915e-47
   3.2488858e+01   6.3891168e-47
   3.2562756e+01   6.3462458e-47
   3.2636822e+01   6.3037744e-47
   3.2711057e+01   6.2616989e-47
   3.2785460e+01   6.2200156e-47
   3.2860033e+01   6.1787205e-47
   3.2934776e+01   6.1378101e-47
   3.3009688e+01   6.0972806e-47
   3.3084771e+01   6.0571285e-47
   3.3160024e+01   6.0173500e-47
   3.3235449e+01   5.9779417e-47
   3.3311046e+01   5.9388999e-47
   3.3386814e+01   5.9002213e-47
   3.3462755e+01   5.8619022e-47
   3.3538868e+01   5.8239394e-47
   3.3615154e+01   5.7863293e-47
   3.3691614e+01   5.7490686e-47
   3.3768248e+01   5.7121540e-47
   3.3845057e+01   5.6755822e-47
   3.3922040e+01   5.6393498e-47
   3.3999198e+01   5.6034537e-47
   3.4076531e+01   5.5678906e-47
   3.4154041e+01   5.5326574e-47
   3.4231726e+01   5.4977510e-47
   3.4309589e+01   5.4631681e-47
   3.4387628e+01   5.4289057e-47
   3.4465845e+01   5.3949608e-47
   3.4544240e+01   5.3613302e-47
   3.4622814e+01   5.3280112e-47
   3.4701566e+01   5.2950005e-47
   3.4780497e+01   5.2622954e-47
   3.4859608e+01   5.2298928e-47
   3.4938898e+01   5.1977900e-47
   3.5018369e+01   5.1659840e-47
   3.5098021e+01   5.1344721e-47
   3.5177854e+01   5.1032514e-47
   3.5257868e+01   5.0723191e-47
   3.5338065e+01   5.0416725e-47
   3.5418444e+01   5.0113089e-47
   3.5499005e+01   4.9812255e-47
   3.5579750e+01   4.9514198e-47
   3.5660679e+01   4.9218890e-47
   3.5741792e+01   4.8926305e-47
   3.5823089e+01   4.8636418e-47
   3.5904571e+01   4.8349203e-47
   3.5986238e+01   4.8064634e-47
   3.6068092e+01   4.7782686e-47
   3.6150131e+01   4.7503334e-47
   3.6232357e+01   4.7226554e-47
   3.6314770e+01   4.6952320e-47
   3.6397370e+01   4.6680610e-47
   3.6480159e+01   4.6411398e-47
   3.6563136e+01   4.6144660e-47
   3.6646301e+01   4.5880374e-47
   3.6729655e+01   4.5618516e-47
   3.6813200e+01   4.5359063e-47
   3.6896934e+01   4.5101992e-47
   3.6980858e+01   4.4847281e-47
   3.7064974e+01   4.4594906e-47
   3.7149281e+01   4.4344845e-47
   3.7233780e+01   4.4097078e-47
   3.7318470e+01   4.3851581e-47
   3.7403354e+01   4.3608333e-47
   3.7488430e+01   4.3367313e-47
   3.7573700e+01   4.3128500e-47
   3.7659164e+01   4.2891872e-47
   3.7744823e+01   4.2657409e-47
   3.7830676e+01   4.2425090e-47
   3.7916725e+01   4.2194895e-47
   3.8002969e+01   4.1966804e-47
   3.8089409e+01   4.1740797e-47
   3.8176046e+01   4.1516853e-47
   3.8262880e+01   4.1294953e-47
   3.8349912e+01   4.1075078e-47
   3.8437141e+01   4.0857209e-47
   3.8524569e+01   4.0641326e-47
   3.8612196e+01   4.0427411e-47
   3.8700022e+01   4.0215444e-47
   3.8788048e+01   4.0005408e-47
   3.8876274e+01   3.9797284e-47
   3.8964701e+01   3.9591053e-47
   3.9053329e+01   3.9386699e-47
   3.9142159e+01   3.9184202e-47
   3.9231190e+01   3.8983546e-47
   3.9320424e+01   3.8784712e-47
   3.9409861e+01   3.8587684e-47
   3.9499502e+01   3.8392444e-47
   3.9589346e+01   3.8198976e-47
   3.9679395e+01   3.8007262e-47
   3.9769649e+01   3.7817286e-47
   3.9860107e+01   3.7629032e-47
   3.9950772e+01   3.7442482e-47
   4.0041643e+01   3.7257621e-47
   4.0132720e+01   3.7074433e-47
   4.0224005e+01   3.6892902e-47
   4.0315497e+01   3.6713012e-47
   4.0407198e+01   3.6534747e-47
   4.0499107e+01   3.6358092e-47
   4.0591225e+01   3.6183033e-47
   4.0683552e+01   3.6009553e-47
   4.0776090e+01   3.5837637e-47
   4.0868838e+01   3.5667271e-47
   4.0961797e+01   3.5498441e-47
   4.1054967e+01   3.5331131e-47
   4.1148350e+01   3.5165327e-47
   4.1241945e+01   3.5001014e-47
   4.1335752e+01   3.4838180e-47
   4.1429773e+01   3.4676808e-47
   4.1524008e+01   3.4516887e-47
   4.1618458e+01   3.4358401e-47
   4.1713122e+01   3.4201338e-47
   4.1808001e+01   3.4045683e-47
   4.1903096e+01   3.3891424e-47
   4.1998408e+01   3.3738546e-47
   4.2093936e+01   3.3587038e-47
   4.2189682e+01   3.3436886e-47
   4.2285645e+01   3.3288077e-47
   4.2381827e+01   3.3140598e-47
   4.2478227e+01   3.2994437e-47
   4.2574847e+01   3.2849582e-47
   4.2671686e+01   3.2706019e-47
   4.2768746e+01   3.2563737e-47
   4.2866027e+01   3.2422723e-47
   4.2963528e+01   3.2282966e-47
   4.3061252e+01   3.2144453e-47
   4.3159198e+01   3.2007172e-47
   4.3257366e+01   3.1871113e-47
   4.3355758e+01   3.1736263e-47
   4.3454374e+01   3.1602611e-47
   4.3553214e+01   3.1470146e-47
   4.3652279e+01   3.1338855e-47
   4.3751569e+01   3.1208729e-47
   4.3851085e+01   3.1079756e-47
   4.3950827e+01   3.0951925e-47
   4.4050796e+01   3.0825225e-47
   4.4150993e+01   3.0699646e-47
   4.4251418e+01   3.0575177e-47
   4.4352071e+01   3.0451807e-47
   4.4452952e+01   3.0329526e-47
   4.4554064e+01   3.0208324e-47
   4.4655405e+01   3.0088190e-47
   4.4756977e+01   2.9969115e-47
   4.4858780e+01   2.9851087e-47
   4.4960814e+01   2.9734098e-47
   4.5063081e+01   2.9618138e-47
   4.5165580e+01   2.9503196e-47
   4.5268312e+01   2.9389263e-47
   4.5371278e+01   2.9276329e-47
   4.5474478e+01   2.9164386e-47
   4.5577913e+01   2.9053423e-47
   4.5681583e+01   2.8943431e-47
   4.5785489e+01   2.8834401e-47
   4.5889631e+01   2.8726325e-47
   4.5994011e+01   2.8619192e-47
   4.6098627e+01   2.8512994e-47
   4.6203482e+01   2.8407722e-47
   4.6308575e+01   2.8303368e-47
   4.6413907e+01   2.8199922e-47
   4.6519479e+01   2.8097376e-47
   4.6625290e+01   2.7995722e-47
   4.6731343e+01   2.7894950e-47
   4.6837637e+01   2.7795053e-47
   4.6944172e+01   2.7696023e-47
   4.7050950e+01   2.7597850e-47
   4.7157971e+01   2.7500528e-47
   4.7265235e+01   2.7404048e-47
   4.7372743e+01   2.7308401e-47
   4.7480495e+01   2.7213581e-47
   4.7588493e+01   2.7119578e-47
   4.7696736e+01   2.7026387e-47
   4.7805226e+01   2.6933998e-47
   4.7913962e+01   2.6842404e-47
   4.8022946e+01   2.6751597e-47
   4.8132177e+01   2.6661571e-47
   4.8241657e+01   2.6572318e-47
   4.8351386e+01   2.6483830e-47
   4.8461365e+01   2.6396101e-47
   4.8571594e+01   2.6309122e-47
   4.8682073e+01   2.6222888e-47
   4.8792804e+01   2.6137390e-47
   4.8903787e+01   2.6052622e-47
   4.9015022e+01   2.5968577e-47
   4.9126510e+01   2.5885248e-47
   4.9238252e+01   2.5802628e-47
   4.9350247e+01   2.5720711e-47
   4.9462498e+01   2.5639490e-47
   4.9575004e+01   2.5558959e-47
   4.9687766e+01   2.5479110e-47
   4.9800784e+01   2.5399937e-47
   4.9914059e+01   2.5321435e-47
   5.0027592e+01   2.5243596e-47
   5.0141384e+01   2.5166415e-47
   5.0255434e+01   2.5089884e-47
   5.0369743e+01   2.5013999e-47
   5.0484313e+01   2.4938752e-47
   5.0599143e+01   2.4864138e-47
   5.0714234e+01   2.4790151e-47
   5.0829587e+01   2.4716785e-47
   5.0945203e+01   2.4644034e-47
   5.1061081e+01   2.4571892e-47
   5.1177223e+01   2.4500354e-47
   5.1293629e+01   2.4429413e-47
   5.1410300e+01   2.4359064e-47
   5.1527236e+01   2.4289302e-47
   5.1644439e+01   2.4220120e-47
   5.1761908e+01   2.4151514e-47
   5.1879644e+01   2.4083478e-47
   5.1997648e+01   2.4016007e-47
   5.2115920e+01   2.3949094e-47
   5.2234461e+01   2.3882736e-47
   5.2353272e+01   2.3816926e-47
   5.2472353e+01   2.3751660e-47
   5.2591705e+01   2.3686933e-47
   5.2711329e+01   2.3622738e-47
   5.2831224e+01   2.3559072e-47
   5.2951393e+01   2.3495929e-47
   5.3071834e+01   2.3433305e-47
   5.3192550e+01   2.3371194e-47
   5.3313540e+01   2.3309591e-47
   5.3434805e+01   2.3248492e-47
   5.3556347e+01   2.3187893e-47
   5.3678164e+01   2.3127787e-47
   5.3800259e+01   2.3068171e-47
   5.3922632e+01   2.3009040e-47
   5.4045282e+01   2.2950390e-47
   5.4168212e+01   2.2892215e-47
   5.4291421e+01   2.2834512e-47
   5.4414911e+01   2.2777276e-47
   5.4538682e+01   2.2720503e-47
   5.4662734e+01   2.2664187e-47
   5.4787068e+01   2.2608325e-47
   5.4911685e+01   2.2552913e-47
   5.5036585e+01   2.2497947e-47
   5.5161770e+01   2.2443421e-47
   5.5287239e+01   2.2389332e-47
   5.5412994e+01   2.2335677e-47
   5.5539035e+01   2.2282450e-47
   5.5665362e+01   2.2229647e-47
   5.5791977e+01   2.2177266e-47
   5.5918880e+01   2.2125301e-47
   5.6046071e+01   2.2073749e-47
   5.6173552e+01   2.2022606e-47
   5.6301322e+01   2.1971868e-47
   5.6429384e+01   2.1921532e-47
   5.6557736e+01   2.1871593e-47
   5.6686381e+01   2.1822047e-47
   5.6815318e+01   2.1772892e-47
   5.6944548e+01   2.1724123e-47
   5.7074073e+01   2.1675737e-47
   5.7203892e+01   2.1627730e-47
   5.7334006e+01   2.1580098e-47
   5.7464416e+01   2.1532839e-47
   5.7595123e+01   2.1485948e-47
   5.7726127e+01   2.1439422e-47
   5.7857429e+01   2.1393258e-47
   5.7989030e+01   2.1347452e-47
   5.8120930e+01   2.1302001e-47
   5.8253130e+01   2.1256902e-47
   5.8385631e+01   2.1212151e-47
   5.8518433e+01   2.1167745e-47
   5.8651537e+01   2.1123680e-47
   5.8784944e+01   2.1079954e-47
   5.8918655e+01   2.1036564e-47
   5.9052669e+01   2.0993506e-47
   5.9186989e+01   2.0950776e-47
   5.9321614e+01   2.0908373e-47
   5.9456545e+01   2.0866293e-47
   5.9591783e+01   2.0824533e-47
   5.9727329e+01   2.0783089e-47
   5.9863183e+01   2.0741960e-47
   5.9999346e+01   2.0701141e-47
   6.0135818e+01   2.0660631e-47
   6.0272601e+01   2.0620426e-47
   6.0409696e+01   2.0580523e-47
   6.0547102e+01   2.0540920e-47
   6.0684820e+01   2.0501614e-47
   6.0822852e+01   2.0462601e-47
   6.0961198e+01   2.0423880e-47
   6.1099858e+01   2.0385447e-47
   6.1238834e+01   2.0347300e-47
   6.1378126e+01   2.0309437e-47
   6.1517735e+01   2.0271853e-47
   6.1657662e+01   2.0234548e-47
   6.1797906e+01   2.0197518e-47
   6.1938470e+01   2.0160760e-47
   6.2079353e+01   2.0124273e-47
   6.2220557e+01   2.0088053e-47
   6.2362082e+01   2.0052099e-47
   6.2503929e+01   2.0016407e-47
   6.2646099e+01   1.9980975e-47
   6.2788592e+01   1.9945801e-47
   6.2931409e+01   1.9910883e-47
   6.3074550e+01   1.9876218e-47
   6.3218018e+01   1.9841803e-47
   6.3361812e+01   1.9807637e-47
   6.3505933e+01   1.9773716e-47
   6.3650381e+01   1.9740040e-47
   6.3795158e+01   1.9706605e-47
   6.3940265e+01   1.9673409e-47
   6.4085702e+01   1.9640450e-47
   6.4231469e+01   1.9607727e-47
   6.4377568e+01   1.9575235e-47
   6.4523999e+01   1.9542975e-47
   6.4670764e+01   1.9510942e-47
   6.4817862e+01   1.9479136e-47
   6.4965295e+01   1.9447554e-47
   6.5113063e+01   1.9416194e-47
   6.5261167e+01   1.9385054e-47
   6.5409608e+01   1.9354132e-47
   6.5558387e+01   1.9323426e-47
   6.5707504e+01   1.9292934e-47
   6.5856960e+01   1.9262655e-47
   6.6006756e+01   1.9232585e-47
   6.6156893e+01   1.9202723e-47
   6.6307372e+01   1.9173067e-47
   6.6458193e+01   1.9143616e-47
   6.6609356e+01   1.9114367e-47
   6.6760864e+01   1.9085319e-47
   6.6912716e+01   1.9056469e-47
   6.7064914e+01   1.9027817e-47
   6.7217458e+01   1.8999359e-47
   6.7370348e+01   1.8971095e-47
   6.7523587e+01   1.8943022e-47
   6.7677174e+01   1.8915139e-47
   6.7831111e+01   1.8887443e-47
   6.7985397e+01   1.8859935e-47
   6.8140035e+01   1.8832610e-47
   6.8295024e+01   1.8805469e-47
   6.8450366e+01   1.8778509e-47
   6.8606061e+01   1.8751728e-47
   6.8762110e+01   1.8725125e-47
   6.8918514e+01   1.8698699e-47
   6.9075274e+01   1.8672447e-47
   6.9232391e+01   1.8646369e-47
   6.9389865e+01   1.8620461e-47
   6.9547697e+01   1.8594724e-47
   6.9705888e+01   1.8569155e-47
   6.9864439e+01   1.8543753e-47
   7.0023351e+01   1.8518517e-47
   7.0182624e+01   1.8493444e-47
   7.0342259e+01   1.8468534e-47
   7.0502257e+01   1.8443784e-47
   7.0662619e+01   1.8419194e-47
   7.0823347e+01   1.8394762e-47
   7.0984439e+01   1.8370487e-47
   7.1145898e+01   1.8346366e-47
   7.1307725e+01   1.8322399e-47
   7.1469919e+01   1.8298585e-47
   7.1632482e+01   1.8274922e-47
   7.1795415e+01   1.8251408e-47
   7.1958719e+01   1.8228043e-47
   7.2122394e+01   1.8204824e-47
   7.2286442e+01   1.8181751e-47
   7.2450862e+01   1.8158822e-47
   7.2615657e+01   1.8136037e-47
   7.2780826e+01   1.8113393e-47
   7.2946371e+01   1.8090889e-47
   7.3112293e+01   1.8068525e-47
   7.3278592e+01   1.8046299e-47
   7.3445269e+01   1.8024209e-47
   7.3612325e+01   1.8002255e-47
   7.3779762e+01   1.7980435e-47
   7.3947579e+01   1.7958748e-47
   7.4115778e+01   1.7937193e-47
   7.4284360e+01   1.7915769e-47
   7.4453324e+01   1.7894474e-47
   7.4622674e+01   1.7873308e-47
   7.4792408e+01   1.7852269e-47
   7.4962529e+01   1.7831356e-47
   7.5133036e+01   1.7810568e-47
   7.5303932e+01   1.7789904e-47
   7.5475216e+01   1.7769363e-47
   7.5646889e+01   1.7748944e-47
   7.5818953e+01   1.7728645e-47
   7.5991409e+01   1.7708466e-47
   7.6164257e+01   1.7688405e-47
   7.6337498e+01   1.7668462e-47
   7.6511133e+01   1.7648635e-47
   7.6685163e+01   1.7628924e-47
   7.6859588e+01   1.7609327e-47
   7.7034411e+01   1.7589844e-47
   7.7209631e+01   1.7570473e-47
   7.7385250e+01   1.7551213e-47
   7.7561268e+01   1.7532064e-47
   7.7737686e+01   1.7513025e-47
   7.7914506e+01   1.7494094e-47
   7.8091728e+01   1.7475271e-47
   7.8269353e+01   1.7456554e-47
   7.8447382e+01   1.7437943e-47
   7.8625816e+01   1.7419437e-47
   7.8804656e+01   1.7401035e-47
   7.8983903e+01   1.7382736e-47
   7.9163557e+01   1.7364539e-47
   7.9343620e+01   1.7346444e-47
   7.9524093e+01   1.7328449e-47
   7.9704976e+01   1.7310553e-47
   7.9886271e+01   1.7292756e-47
   8.0067978e+01   1.7275057e-47
   8.0250098e+01   1.7257455e-47
   8.0432632e+01   1.7239949e-47
   8.0615582e+01   1.7222538e-47
   8.0798948e+01   1.7205222e-47
   8.0982730e+01   1.7188000e-47
   8.1166931e+01   1.7170871e-47
   8.1351551e+01   1.7153834e-47
   8.1536591e+01   1.7136888e-47
   8.1722052e+01   1.7120033e-47
   8.1907934e+01   1.7103267e-47
   8.2094239e+01   1.7086591e-47
   8.2280969e+01   1.7070003e-47
   8.2468122e+01   1.7053503e-47
   8.2655702e+01   1.7037089e-47
   8.2843708e+01   1.7020762e-47
   8.3032142e+01   1.7004520e-47
   8.3221004e+01   1.6988363e-47
   8.3410296e+01   1.6972289e-47
   8.3600019e+01   1.6956299e-47
   8.3790173e+01   1.6940392e-47
   8.3980759e+01   1.6924567e-47
   8.4171780e+01   1.6908822e-47
   8.4363234e+01   1.6893159e-47
   8.4555124e+01   1.6877575e-47
   8.4747451e+01   1.6862071e-47
   8.4940215e+01   1.6846645e-47
   8.5133417e+01   1.6831297e-47
   8.5327059e+01   1.6816026e-47
   8.5521141e+01   1.6800833e-47
   8.5715665e+01   1.6785715e-47
   8.5910632e+01   1.6770672e-47
   8.6106041e+01   1.6755705e-47
   8.6301895e+01   1.6740812e-47
   8.6498195e+01   1.6725992e-47
   8.6694941e+01   1.6711245e-47
   8.6892135e+01   1.6696571e-47
   8.7089777e+01   1.6681969e-47
   8.7287869e+01   1.6667438e-47
   8.7486411e+01   1.6652978e-47
   8.7685405e+01   1.6638588e-47
   8.7884852e+01   1.6624267e-47
   8.8084752e+01   1.6610016e-47
   8.8285107e+01   1.6595833e-47
   8.8485918e+01   1.6581718e-47
   8.8687185e+01   1.6567670e-47
   8.8888910e+01   1.6553690e-47
   8.9091094e+01   1.6539775e-47
   8.9293738e+01   1.6525927e-47
   8.9496843e+01   1.6512144e-47
   8.9700410e+01   1.6498426e-47
   8.9904440e+01   1.6484772e-47
   9.0108934e+01   1.6471182e-47
   9.0313893e+01   1.6457655e-47
   9.0519318e+01   1.6444191e-47
   9.0725211e+01   1.6430790e-47
   9.0931571e+01   1.6417450e-47
   9.1138402e+01   1.6404172e-47
   9.1345702e+01   1.6390955e-47
   9.1553474e+01   1.6377798e-47
   9.1761719e+01   1.6364702e-47
   9.1970438e+01   1.6351665e-47
   9.2179631e+01   1.6338687e-47
   9.2389300e+01   1.6325767e-47
   9.2599446e+01   1.6312906e-47
   9.2810070e+01   1.6300103e-47
   9.3021173e+01   1.6287357e-47
   9.3232756e+01   1.6274669e-47
   9.3444820e+01   1.6262036e-47
   9.3657367e+01   1.6249460e-47
   9.3870397e+01   1.6236939e-47
   9.4083912e+01   1.6224474e-47
   9.4297912e+01   1.6212064e-47
   9.4512400e+01   1.6199708e-47
   9.4727375e+01   1.6187406e-47
   9.4942839e+01   1.6175158e-47
   9.5158793e+01   1.6162963e-47
   9.5375238e+01   1.6150822e-47
   9.5592176e+01   1.6138732e-47
   9.5809607e+01   1.6126695e-47
   9.6027532e+01   1.6114710e-47
   9.6245954e+01   1.6102776e-47
   9.6464872e+01   1.6090893e-47
   9.6684288e+01   1.6079061e-47
   9.6904203e+01   1.6067280e-47
   9.7124619e+01   1.6055548e-47
   9.7345535e+01   1.6043866e-47
   9.7566955e+01   1.6032233e-47
   9.7788877e+01   1.6020650e-47
   9.8011305e+01   1.6009114e-47
   9.8234239e+01   1.5997628e-47
   9.8457679e+01   1.5986189e-47
   9.8681628e+01   1.5974798e-47
   9.8906086e+01   1.5963454e-47
   9.9131055e+01   1.5952157e-47
   9.9356536e+01   1.5940907e-47
   9.9582529e+01   1.5929703e-47
   9.9809036e+01   1.5918545e-47
   1.0003606e+02   1.5907433e-47
   1.0026360e+02   1.5896366e-47
   1.0049165e+02   1.5885345e-47
   1.0072023e+02   1.5874369e-47
   1.0094933e+02   1.5863437e-47
   1.0117894e+02   1.5852549e-47
   1.0140908e+02   1.5841705e-47
   1.0163974e+02   1.5830905e-47
   1.0187093e+02   1.5820148e-47
   1.0210264e+02   1.5809435e-47
   1.0233488e+02   1.5798764e-47
   1.0256765e+02   1.5788136e-47
   1.0280095e+02   1.5777551e-47
   1.0303477e+02   1.5767007e-47
   1.0326913e+02   1.5756505e-47
   1.0350403e+02   1.5746045e-47
   1.0373945e+02   1.5735626e-47
   1.0397542e+02   1.5725248e-47
   1.0421192e+02   1.5714911e-47
   1.0444895e+02   1.5704614e-47
   1.0468653e+02   1.5694358e-47
   1.0492465e+02   1.5684141e-47
   1.0516330e+02   1.5673965e-47
   1.0540251e+02   1.5663828e-47
   1.0564225e+02   1.5653730e-47
   1.0588254e+02   1.5643671e-47
   1.0612338e+02   1.5633652e-47
   1.0636476e+02   1.5623670e-47
   1.0660670e+02   1.5613728e-47
   1.0684918e+02   1.5603823e-47
   1.0709222e+02   1.5593957e-47
   1.0733581e+02   1.5584128e-47
   1.0757995e+02   1.5574337e-47
   1.0782465e+02   1.5564583e-47
   1.0806990e+02   1.5554866e-47
   1.0831572e+02   1.5545186e-47
   1.0856209e+02   1.5535543e-47
   1.0880902e+02   1.5525936e-47
   1.0905651e+02   1.5516365e-47
   1.0930457e+02   1.5506831e-47
   1.0955319e+02   1.5497333e-47
   1.0980238e+02   1.5487870e-47
   1.1005213e+02   1.5478443e-47
   1.1030245e+02   1.5469051e-47
   1.1055334e+02   1.5459694e-47
   1.1080480e+02   1.5450372e-47
   1.1105684e+02   1.5441085e-47
   1.1130944e+02   1.5431833e-47
   1.1156262e+02   1.5422615e-47
   1.1181638e+02   1.5413431e-47
   1.1207072e+02   1.5404281e-47
   1.1232563e+02   1.5395165e-47
   1.1258112e+02   1.5386083e-47
   1.1283719e+02   1.5377034e-47
   1.1309385e+02   1.5368019e-47
   1.1335109e+02   1.5359037e-47
   1.1360891e+02   1.5350088e-47
   1.1386733e+02   1.5341172e-47
   1.1412633e+02   1.5332289e-47
   1.1438591e+02   1.5323438e-47
   1.1464609e+02   1.5314620e-47
   1.1490686e+02   1.5305833e-47
   1.1516823e+02   1.5297080e-47
   1.1543018e+02   1.5288358e-47
   1.1569274e+02   1.5279667e-47
   1.1595589e+02   1.5271009e-47
   1.1621964e+02   1.5262382e-47
   1.1648399e+02   1.5253786e-47
   1.1674894e+02   1.5245222e-47
   1.1701449e+02   1.5236689e-47
   1.1728065e+02   1.5228187e-47
   1.1754741e+02   1.5219715e-47
   1.1781478e+02   1.5211275e-47
   1.1808276e+02   1.5202864e-47
   1.1835135e+02   1.5194485e-47
   1.1862055e+02   1.5186135e-47
   1.1889036e+02   1.5177816e-47
   1.1916078e+02   1.5169527e-47
   1.1943182e+02   1.5161268e-47
   1.1970348e+02   1.5153039e-47
   1.1997575e+02   1.5144839e-47
   1.2024865e+02   1.5136669e-47
   1.2052216e+02   1.5128528e-47
   1.2079630e+02   1.5120417e-47
   1.2107106e+02   1.5112335e-47
   1.2134644e+02   1.5104282e-47
   1.2162245e+02   1.5096258e-47
   1.2189909e+02   1.5088263e-47
   1.2217636e+02   1.5080297e-47
   1.2245426e+02   1.5072360e-47
   1.2273279e+02   1.5064451e-47
   1.2301195e+02   1.5056570e-47
   1.2329175e+02   1.5048718e-47
   1.2357219e+02   1.5040894e-47
   1.2385326e+02   1.5033098e-47
   1.2413497e+02   1.5025331e-47
   1.2441733e+02   1.5017591e-47
   1.2470032e+02   1.5009879e-47
   1.2498396e+02   1.5002195e-47
   1.2526825e+02   1.4994539e-47
   1.2555318e+02   1.4986910e-47
   1.2583876e+02   1.4979309e-47
   1.2612499e+02   1.4971735e-47
   1.2641187e+02   1.4964189e-47
   1.2669940e+02   1.4956669e-47
   1.2698759e+02   1.4949177e-47
   1.2727643e+02   1.4941712e-47
   1.2756593e+02   1.4934274e-47
   1.2785609e+02   1.4926863e-47
   1.2814690e+02   1.4919479e-47
   1.2843838e+02   1.4912121e-47
   1.2873052e+02   1.4904790e-47
   1.2902333e+02   1.4897486e-47
   1.2931680e+02   1.4890208e-47
   1.2961094e+02   1.4882956e-47
   1.2990575e+02   1.4875731e-47
   1.3020123e+02   1.4868533e-47
   1.3049738e+02   1.4861360e-47
   1.3079421e+02   1.4854214e-47
   1.3109171e+02   1.4847093e-47
   1.3138989e+02   1.4839999e-47
   1.3168874e+02   1.4832931e-47
   1.3198828e+02   1.4825888e-47
   1.3228849e+02   1.4818871e-47
   1.3258939e+02   1.4811880e-47
   1.3289098e+02   1.4804915e-47
   1.3319325e+02   1.4797975e-47
   1.3349620e+02   1.4791061e-47
   1.3379985e+02   1.4784173e-47
   1.3410419e+02   1.4777310e-47
   1.3440922e+02   1.4770472e-47
   1.3471494e+02   1.4763659e-47
   1.3502136e+02   1.4756872e-47
   1.3532848e+02   1.4750110e-47
   1.3563629e+02   1.4743374e-47
   1.3594480e+02   1.4736662e-47
   1.3625402e+02   1.4729975e-47
   1.3656394e+02   1.4723314e-47
   1.3687456e+02   1.4716677e-47
   1.3718589e+02   1.4710065e-47
   1.3749793e+02   1.4703478e-47
   1.3781068e+02   1.4696916e-47
   1.3812414e+02   1.4690379e-47
   1.3843831e+02   1.4683866e-47
   1.3875320e+02   1.4677378e-47
   1.3906881e+02   1.4670915e-47
   1.3938513e+02   1.4664476e-47
   1.3970217e+02   1.4658062e-47
   1.4001993e+02   1.4651673e-47
   1.4033842e+02   1.4645307e-47
   1.4065763e+02   1.4638967e-47
   1.4097756e+02   1.4632650e-47
   1.4129822e+02   1.4626358e-47
   1.4161962e+02   1.4620091e-47
   1.4194174e+02   1.4613847e-47
   1.4226460e+02   1.4607628e-47
   1.4258819e+02   1.4601433e-47
   1.4291251e+02   1.4595262e-47
   1.4323758e+02   1.4589116e-47
   1.4356338e+02   1.4582993e-47
   1.4388993e+02   1.4576894e-47
   1.4421722e+02   1.4570820e-47
   1.4454525e+02   1.4564770e-47
   1.4487403e+02   1.4558743e-47
   1.4520355e+02   1.4552741e-47
   1.4553383e+02   1.4546762e-47
   1.4586485e+02   1.4540808e-47
   1.4619663e+02   1.4534877e-47
   1.4652917e+02   1.4528970e-47
   1.4686246e+02   1.4523087e-47
   1.4719651e+02   1.4517228e-47
   1.4753132e+02   1.4511392e-47
   1.4786689e+02   1.4505581e-47
   1.4820322e+02   1.4499793e-47
   1.4854032e+02   1.4494028e-47
   1.4887819e+02   1.4488288e-47
   1.4921682e+02   1.4482571e-47
   1.4955622e+02   1.4476878e-47
   1.4989640e+02   1.4471208e-47
   1.5023735e+02   1.4465562e-47
   1.5057907e+02   1.4459940e-47
   1.5092158e+02   1.4454341e-47
   1.5126486e+02   1.4448766e-47
   1.5160892e+02   1.4443215e-47
   1.5195377e+02   1.4437687e-47
   1.5229940e+02   1.4432182e-47
   1.5264581e+02   1.4426701e-47
   1.5299301e+02   1.4421244e-47
   1.5334101e+02   1.4415810e-47
   1.5368979e+02   1.4410400e-47
   1.5403937e+02   1.4405013e-47
   1.5438974e+02   1.4399649e-47
   1.5474091e+02   1.4394309e-47
   1.5509288e+02   1.4388993e-47
   1.5544565e+02   1.4383700e-47
   1.5579923e+02   1.4378430e-47
   1.5615360e+02   1.4373184e-47
   1.5650878e+02   1.4367961e-47
   1.5686477e+02   1.4362762e-47
   1.5722157e+02   1.4357586e-47
   1.5757919e+02   1.4352433e-47
   1.5793761e+02   1.4347304e-47
   1.5829685e+02   1.4342199e-47
   1.5865691e+02   1.4337116e-47
   1.5901778e+02   1.4332057e-47
   1.5937948e+02   1.4327022e-47
   1.5974200e+02   1.4322010e-47
   1.6010534e+02   1.4317021e-47
   1.6046952e+02   1.4312056e-47
   1.6083451e+02   1.4307114e-47
   1.6120034e+02   1.4302196e-47
   1.6156701e+02   1.4297301e-47
   1.6193450e+02   1.4292429e-47
   1.6230283e+02   1.4287581e-47
   1.6267200e+02   1.4282757e-47
   1.6304201e+02   1.4277955e-47
   1.6341286e+02   1.4273177e-47
   1.6378455e+02   1.4268423e-47
   1.6415709e+02   1.4263692e-47
   1.6453048e+02   1.4258985e-47
   1.6490472e+02   1.4254301e-47
   1.6527980e+02   1.4249640e-47
   1.6565574e+02   1.4245003e-47
   1.6603254e+02   1.4240389e-47
   1.6641019e+02   1.4235799e-47
   1.6678870e+02   1.4231233e-47
   1.6716808e+02   1.4226690e-47
   1.6754831e+02   1.4222170e-47
   1.6792941e+02   1.4217674e-47
   1.6831138e+02   1.4213202e-47
   1.6869422e+02   1.4208753e-47
   1.6907792e+02   1.4204327e-47
   1.6946250e+02   1.4199926e-47
   1.6984796e+02   1.4195548e-47
   1.7023429e+02   1.4191193e-47
   1.7062150e+02   1.4186863e-47
   1.7100959e+02   1.4182555e-47
   1.7139856e+02   1.4178272e-47
   1.7178842e+02   1.4174012e-47
   1.7217916e+02   1.4169776e-47
   1.7257080e+02   1.4165564e-47
   1.7296332e+02   1.4161375e-47
   1.7335674e+02   1.4157210e-47
   1.7375105e+02   1.4153069e-47
   1.7414626e+02   1.4148952e-47
   1.7454237e+02   1.4144858e-47
   1.7493938e+02   1.4140789e-47
   1.7533729e+02   1.4136743e-47
   1.7573611e+02   1.4132721e-47
   1.7613583e+02   1.4128723e-47
   1.7653646e+02   1.4124749e-47
   1.7693801e+02   1.4120799e-47
   1.7734046e+02   1.4116873e-47
   1.7774384e+02   1.4112971e-47
   1.7814813e+02   1.4109093e-47
   1.7855334e+02   1.4105239e-47
   1.7895947e+02   1.4101409e-47
   1.7936653e+02   1.4097603e-47
   1.7977451e+02   1.4093821e-47
   1.8018342e+02   1.4090064e-47
   1.8059326e+02   1.4086331e-47
   1.8100403e+02   1.4082621e-47
   1.8141574e+02   1.4078936e-47
   1.8182838e+02   1.4075276e-47
   1.8224196e+02   1.4071639e-47
   1.8265648e+02   1.4068027e-47
   1.8307195e+02   1.4064440e-47
   1.8348836e+02   1.4060876e-47
   1.8390571e+02   1.4057338e-47
   1.8432402e+02   1.4053823e-47
   1.8474328e+02   1.4050333e-47
   1.8516349e+02   1.4046868e-47
   1.8558466e+02   1.4043427e-47
   1.8600678e+02   1.4040010e-47
   1.8642987e+02   1.4036619e-47
   1.8685392e+02   1.4033252e-47
   1.8727893e+02   1.4029909e-47
   1.8770491e+02   1.4026592e-47
   1.8813186e+02   1.4023299e-47
   1.8855977e+02   1.4020031e-47
   1.8898867e+02   1.4016787e-47
   1.8941853e+02   1.4013569e-47
   1.8984938e+02   1.4010375e-47
   1.9028121e+02   1.4007207e-47
   1.9071401e+02   1.4004063e-47
   1.9114781e+02   1.4000945e-47
   1.9158259e+02   1.3997851e-47
   1.9201835e+02   1.3994783e-47
   1.9245511e+02   1.3991739e-47
   1.9289286e+02   1.3988721e-47
   1.9333161e+02   1.3985728e-47
   1.9377136e+02   1.3982760e-47
   1.9421211e+02   1.3979818e-47
   1.9465386e+02   1.3976901e-47
   1.9509661e+02   1.3974009e-47
   1.9554037e+02   1.3971143e-47
   1.9598514e+02   1.3968302e-47
   1.9643092e+02   1.3965487e-47
   1.9687772e+02   1.3962697e-47
   1.9732553e+02   1.3959933e-47
   1.9777436e+02   1.3957195e-47
   1.9822421e+02   1.3954482e-47
   1.9867509e+02   1.3951795e-47
   1.9912699e+02   1.3949133e-47
   1.9957992e+02   1.3946498e-47
   2.0003387e+02   1.3943888e-47
   2.0048886e+02   1.3941305e-47
   2.0094489e+02   1.3938747e-47
   2.0140195e+02   1.3936215e-47
   2.0186006e+02   1.3933710e-47
   2.0231920e+02   1.3931230e-47
   2.0277939e+02   1.3928777e-47
   2.0324063e+02   1.3926350e-47
   2.0370291e+02   1.3923949e-47
   2.0416625e+02   1.3921574e-47
   2.0463064e+02   1.3919226e-47
   2.0509609e+02   1.3916905e-47
   2.0556259e+02   1.3914609e-47
   2.0603016e+02   1.3912341e-47
   2.0649879e+02   1.3910099e-47
   2.0696848e+02   1.3907883e-47
   2.0743925e+02   1.3905694e-47
   2.0791108e+02   1.3903532e-47
   2.0838399e+02   1.3901397e-47
   2.0885797e+02   1.3899289e-47
   2.0933304e+02   1.3897207e-47
   2.0980918e+02   1.3895153e-47
   2.1028640e+02   1.3893125e-47
   2.1076472e+02   1.3891125e-47
   2.1124411e+02   1.3889152e-47
   2.1172460e+02   1.3887206e-47
   2.1220619e+02   1.3885287e-47
   2.1268886e+02   1.3883395e-47
   2.1317264e+02   1.3881531e-47
   2.1365752e+02   1.3879695e-47
   2.1414350e+02   1.3877885e-47
   2.1463058e+02   1.3876104e-47
   2.1511877e+02   1.3874350e-47
   2.1560807e+02   1.3872624e-47
   2.1609849e+02   1.3870925e-47
   2.1659002e+02   1.3869254e-47
   2.1708267e+02   1.3867611e-47
   2.1757644e+02   1.3865996e-47
   2.1807133e+02   1.3864410e-47
   2.1856735e+02   1.3862851e-47
   2.1906450e+02   1.3861320e-47
   2.1956278e+02   1.3859817e-47
   2.2006219e+02   1.3858343e-47
   2.2056273e+02   1.3856897e-47
   2.2106442e+02   1.3855480e-47
   2.2156725e+02   1.3854090e-47
   2.2207122e+02   1.3852730e-47
   2.2257633e+02   1.3851398e-47
   2.2308260e+02   1.3850094e-47
   2.2359001e+02   1.3848820e-47
   2.2409859e+02   1.3847574e-47
   2.2460831e+02   1.3846357e-47
   2.2511920e+02   1.3845169e-47
   2.2563125e+02   1.3844010e-47
   2.2614446e+02   1.3842880e-47
   2.2665885e+02   1.3841780e-47
   2.2717440e+02   1.3840708e-47
   2.2769112e+02   1.3839666e-47
   2.2820902e+02   1.3838653e-47
   2.2872810e+02   1.3837670e-47
   2.2924836e+02   1.3836716e-47
   2.2976980e+02   1.3835792e-47
   2.3029242e+02   1.3834897e-47
   2.3081624e+02   1.3834032e-47
   2.3134125e+02   1.3833197e-47
   2.3186745e+02   1.3832392e-47
   2.3239485e+02   1.3831617e-47
   2.3292345e+02   1.3830872e-47
   2.3345325e+02   1.3830157e-47
   2.3398425e+02   1.3829472e-47
   2.3451647e+02   1.3828818e-47
   2.3504989e+02   1.3828194e-47
   2.3558453e+02   1.3827600e-47
   2.3612038e+02   1.3827037e-47
   2.3665745e+02   1.3826504e-47
   2.3719575e+02   1.3826003e-47
   2.3773527e+02   1.3825531e-47
   2.3827601e+02   1.3825091e-47
   2.3881799e+02   1.3824682e-47
   2.3936120e+02   1.3824304e-47
   2.3990564e+02   1.3823957e-47
   2.4045132e+02   1.3823641e-47
   2.4099824e+02   1.3823356e-47
   2.4154641e+02   1.3823103e-47
   2.4209583e+02   1.3822881e-47
   2.4264649e+02   1.3822691e-47
   2.4319841e+02   1.3822532e-47
   2.4375158e+02   1.3822405e-47
   2.4430601e+02   1.3822310e-47
   2.4486170e+02   1.3822247e-47
   2.4541865e+02   1.3822215e-47
   2.4597688e+02   1.3822216e-47
   2.4653637e+02   1.3822249e-47
   2.4709713e+02   1.3822314e-47
   2.4765917e+02   1.3822412e-47
   2.4822249e+02   1.3822542e-47
   2.4878709e+02   1.3822704e-47
   2.4935297e+02   1.3822899e-47
   2.4992014e+02   1.3823127e-47
   2.5048860e+02   1.3823387e-47
   2.5105836e+02   1.3823681e-47
   2.5162941e+02   1.3824007e-47
   2.5220176e+02   1.3824367e-47
   2.5277541e+02   1.3824759e-47
   2.5335036e+02   1.3825185e-47
   2.5392663e+02   1.3825645e-47
   2.5450420e+02   1.3826137e-47
   2.5508309e+02   1.3826664e-47
   2.5566329e+02   1.3827224e-47
   2.5624481e+02   1.3827817e-47
   2.5682766e+02   1.3828445e-47
   2.5741183e+02   1.3829107e-47
   2.5799734e+02   1.3829802e-47
   2.5858417e+02   1.3830532e-47
   2.5917234e+02   1.3831296e-47
   2.5976184e+02   1.3832094e-47
   2.6035269e+02   1.3832927e-47
   2.6094488e+02   1.3833795e-47
   2.6153842e+02   1.3834697e-47
   2.6213330e+02   1.3835634e-47
   2.6272954e+02   1.3836606e-47
   2.6332714e+02   1.3837613e-47
   2.6392610e+02   1.3838655e-47
   2.6452641e+02   1.3839732e-47
   2.6512810e+02   1.3840844e-47
   2.6573115e+02   1.3841992e-47
   2.6633557e+02   1.3843175e-47
   2.6694137e+02   1.3844394e-47
   2.6754855e+02   1.3845649e-47
   2.6815711e+02   1.3846940e-47
   2.6876705e+02   1.3848266e-47
   2.6937838e+02   1.3849629e-47
   2.6999110e+02   1.3851028e-47
   2.7060521e+02   1.3852463e-47
   2.7122072e+02   1.3853935e-47
   2.7183763e+02   1.3855443e-47
   2.7245595e+02   1.3856988e-47
   2.7307567e+02   1.3858569e-47
   2.7369680e+02   1.3860188e-47
   2.7431934e+02   1.3861843e-47
   2.7494330e+02   1.3863536e-47
   2.7556868e+02   1.3865265e-47
   2.7619548e+02   1.3867033e-47
   2.7682370e+02   1.3868837e-47
   2.7745336e+02   1.3870679e-47
   2.7808444e+02   1.3872559e-47
   2.7871697e+02   1.3874477e-47
   2.7935093e+02   1.3876433e-47
   2.7998633e+02   1.3878426e-47
   2.8062318e+02   1.3880458e-47
   2.8126148e+02   1.3882528e-47
   2.8190123e+02   1.3884637e-47
   2.8254243e+02   1.3886784e-47
   2.8318509e+02   1.3888970e-47
   2.8382922e+02   1.3891195e-47
   2.8447481e+02   1.3893459e-47
   2.8512186e+02   1.3895762e-47
   2.8577039e+02   1.3898104e-47
   2.8642040e+02   1.3900485e-47
   2.8707188e+02   1.3902906e-47
   2.8772485e+02   1.3905366e-47
   2.8837930e+02   1.3907866e-47
   2.8903524e+02   1.3910406e-47
   2.8969267e+02   1.3912986e-47
   2.9035159e+02   1.3915606e-47
   2.9101202e+02   1.3918266e-47
   2.9167394e+02   1.3920967e-47
   2.9233738e+02   1.3923708e-47
   2.9300232e+02   1.3926490e-47
   2.9366877e+02   1.3929312e-47
   2.9433674e+02   1.3932176e-47
   2.9500623e+02   1.3935081e-47
   2.9567725e+02   1.3938026e-47
   2.9634978e+02   1.3941013e-47
   2.9702385e+02   1.3944042e-47
   2.9769945e+02   1.3947112e-47
   2.9837659e+02   1.3950224e-47
   2.9905527e+02   1.3953378e-47
   2.9973549e+02   1.3956574e-47
   3.0041726e+02   1.3959812e-47
   3.0110058e+02   1.3963092e-47
   3.0178546e+02   1.3966415e-47
   3.0247189e+02   1.3969781e-47
   3.0315988e+02   1.3973189e-47
   3.0384944e+02   1.3976640e-47
   3.0454057e+02   1.3980135e-47
   3.0523327e+02   1.3983672e-47
   3.0592754e+02   1.3987253e-47
   3.0662339e+02   1.3990877e-47
   3.0732083e+02   1.3994545e-47
   3.0801985e+02   1.3998257e-47
   3.0872046e+02   1.4002013e-47
   3.0942267e+02   1.4005813e-47
   3.1012647e+02   1.4009657e-47
   3.1083188e+02   1.4013545e-47
   3.1153889e+02   1.4017479e-47
   3.1224750e+02   1.4021456e-47
   3.1295773e+02   1.4025479e-47
   3.1366958e+02   1.4029547e-47
   3.1438304e+02   1.4033660e-47
   3.1509813e+02   1.4037818e-47
   3.1581484e+02   1.4042022e-47
   3.1653318e+02   1.4046272e-47
   3.1725316e+02   1.4050567e-47
   3.1797477e+02   1.4054909e-47
   3.1869803e+02   1.4059296e-47
   3.1942293e+02   1.4063730e-47
   3.2014948e+02   1.4068211e-47
   3.2087768e+02   1.4072738e-47
   3.2160754e+02   1.4077312e-47
   3.2233906e+02   1.4081933e-47
   3.2307224e+02   1.4086601e-47
   3.2380709e+02   1.4091317e-47
   3.2454362e+02   1.4096080e-47
   3.2528181e+02   1.4100890e-47
   3.2602169e+02   1.4105749e-47
   3.2676325e+02   1.4110655e-47
   3.2750649e+02   1.4115610e-47
   3.2825143e+02   1.4120613e-47
   3.2899806e+02   1.4125665e-47
   3.2974639e+02   1.4130765e-47
   3.3049642e+02   1.4135915e-47
   3.3124816e+02   1.4141113e-47
   3.3200161e+02   1.4146361e-47
   3.3275677e+02   1.4151658e-47
   3.3351364e+02   1.4157004e-47
   3.3427224e+02   1.4162401e-47
   3.3503257e+02   1.4167847e-47
   3.3579463e+02   1.4173344e-47
   3.3655841e+02   1.4178891e-47
   3.3732394e+02   1.4184488e-47
   3.3809121e+02   1.4190136e-47
   3.3886022e+02   1.4195836e-47
   3.3963098e+02   1.4201586e-47
   3.4040349e+02   1.4207387e-47
   3.4117777e+02   1.4213240e-47
   3.4195380e+02   1.4219145e-47
   3.4273160e+02   1.4225101e-47
   3.4351116e+02   1.4231110e-47
   3.4429250e+02   1.4237171e-47
   3.4507562e+02   1.4243284e-47
   3.4586052e+02   1.4249450e-47
   3.4664720e+02   1.4255668e-47
   3.4743568e+02   1.4261940e-47
   3.4822594e+02   1.4268265e-47
   3.4901801e+02   1.4274643e-47
   3.4981187e+02   1.4281075e-47
   3.5060754e+02   1.4287561e-47
   3.5140503e+02   1.4294101e-47
   3.5220432e+02   1.4300695e-47
   3.5300543e+02   1.4307343e-47
   3.5380837e+02   1.4314046e-47
   3.5461313e+02   1.4320804e-47
   3.5541972e+02   1.4327617e-47
   3.5622815e+02   1.4334485e-47
   3.5703842e+02   1.4341409e-47
   3.5785053e+02   1.4348388e-47
   3.5866448e+02   1.4355424e-47
   3.5948029e+02   1.4362515e-47
   3.6029795e+02   1.4369663e-47
   3.6111747e+02   1.4376867e-47
   3.6193886e+02   1.4384128e-47
   3.6276212e+02   1.4391446e-47
   3.6358724e+02   1.4398821e-47
   3.6441425e+02   1.4406254e-47
   3.6524314e+02   1.4413744e-47
   3.6607391e+02   1.4421292e-47
   3.6690657e+02   1.4428899e-47
   3.6774112e+02   1.4436563e-47
   3.6857757e+02   1.4444286e-47
   3.6941593e+02   1.4452068e-47
   3.7025619e+02   1.4459909e-47
   3.7109837e+02   1.4467809e-47
   3.7194245e+02   1.4475768e-47
   3.7278846e+02   1.4483787e-47
   3.7363640e+02   1.4491866e-47
   3.7448626e+02   1.4500005e-47
   3.7533805e+02   1.4508205e-47
   3.7619179e+02   1.4516465e-47
   3.7704746e+02   1.4524786e-47
   3.7790508e+02   1.4533168e-47
   3.7876465e+02   1.4541612e-47
   3.7962618e+02   1.4550117e-47
   3.8048967e+02   1.4558684e-47
   3.8135512e+02   1.4567313e-47
   3.8222254e+02   1.4576004e-47
   3.8309193e+02   1.4584758e-47
   3.8396330e+02   1.4593574e-47
   3.8483665e+02   1.4602454e-47
   3.8571199e+02   1.4611397e-47
   3.8658932e+02   1.4620404e-47
   3.8746864e+02   1.4629474e-47
   3.8834996e+02   1.4638609e-47
   3.8923329e+02   1.4647808e-47
   3.9011863e+02   1.4657071e-47
   3.9100598e+02   1.4666400e-47
   3.9189535e+02   1.4675793e-47
   3.9278675e+02   1.4685252e-47
   3.9368017e+02   1.4694777e-47
   3.9457562e+02   1.4704368e-47
   3.9547311e+02   1.4714024e-47
   3.9637264e+02   1.4723748e-47
   3.9727422e+02   1.4733538e-47
   3.9817785e+02   1.4743395e-47
   3.9908353e+02   1.4753319e-47
   3.9999127e+02   1.4763311e-47
   4.0090108e+02   1.4773371e-47
   4.0181296e+02   1.4783500e-47
   4.0272691e+02   1.4793696e-47
   4.0364294e+02   1.4803962e-47
   4.0456106e+02   1.4814296e-47
   4.0548126e+02   1.4824700e-47
   4.0640355e+02   1.4835174e-47
   4.0732795e+02   1.4845717e-47
   4.0825444e+02   1.4856331e-47
   4.0918305e+02   1.4867016e-47
   4.1011376e+02   1.4877771e-47
   4.1104659e+02   1.4888598e-47
   4.1198155e+02   1.4899496e-47
   4.1291863e+02   1.4910466e-47
   4.1385784e+02   1.4921509e-47
   4.1479919e+02   1.4932624e-47
   4.1574268e+02   1.4943812e-47
   4.1668832e+02   1.4955073e-47
   4.1763610e+02   1.4966408e-47
   4.1858604e+02   1.4977817e-47
   4.1953815e+02   1.4989300e-47
   4.2049242e+02   1.5000858e-47
   4.2144886e+02   1.5012491e-47
   4.2240747e+02   1.5024200e-47
   4.2336827e+02   1.5035984e-47
   4.2433125e+02   1.5047846e-47
   4.2529642e+02   1.5059783e-47
   4.2626378e+02   1.5071799e-47
   4.2723335e+02   1.5083891e-47
   4.2820512e+02   1.5096063e-47
   4.2917911e+02   1.5108312e-47
   4.3015530e+02   1.5120642e-47
   4.3113372e+02   1.5133050e-47
   4.3211437e+02   1.5145540e-47
   4.3309724e+02   1.5158110e-47
   4.3408235e+02   1.5170762e-47
   4.3506970e+02   1.5183496e-47
   4.3605930e+02   1.5196313e-47
   4.3705114e+02   1.5209214e-47
   4.3804525e+02   1.5222199e-47
   4.3904161e+02   1.5235270e-47
   4.4004024e+02   1.5248427e-47
   4.4104114e+02   1.5261672e-47
   4.4204432e+02   1.5275005e-47
   4.4304978e+02   1.5288429e-47
   4.4405753e+02   1.5301943e-47
   4.4506757e+02   1.5315550e-47
   4.4607991e+02   1.5329252e-47
   4.4709455e+02   1.5343051e-47
   4.4811150e+02   1.5356948e-47
   4.4913076e+02   1.5370946e-47
   4.5015234e+02   1.5385049e-47
   4.5117624e+02   1.5399260e-47
   4.5220247e+02   1.5413582e-47
   4.5323104e+02   1.5428020e-47
   4.5426194e+02   1.5442581e-47
   4.5529519e+02   1.5457270e-47
   4.5633079e+02   1.5472097e-47
   4.5736875e+02   1.5487070e-47
   4.5840907e+02   1.5502203e-47
   4.5945175e+02   1.5517510e-47
   4.6049681e+02   1.5533012e-47
   4.6154424e+02   1.5548733e-47
   4.6259405e+02   1.5564707e-47
   4.6364626e+02   1.5580976e-47
   4.6470085e+02   1.5597599e-47
   4.6575785e+02   1.5614656e-47
   4.6681724e+02   1.5632260e-47
   4.6787905e+02   1.5650573e-47
   4.6894328e+02   1.5669838e-47
   4.7000992e+02   1.5690427e-47
   4.7107899e+02   1.5712940e-47
   4.7215049e+02   1.5738391e-47
   4.7322443e+02   1.5768612e-47
   4.7430081e+02   1.5807193e-47
   4.7537965e+02   1.5861980e-47
   4.7646093e+02   1.5953002e-47
   4.7754467e+02   1.6145008e-47
   4.7863088e+02   1.6756710e-47
   4.7971956e+02   2.2434982e-47
   4.8081072e+02   3.2310271e-47
   4.8190435e+02   1.7105807e-47
   4.8300048e+02   1.6277449e-47
   4.8409910e+02   1.6078659e-47
   4.8520021e+02   1.6010061e-47
   4.8630384e+02   1.5984757e-47
   4.8740997e+02   1.5977904e-47
   4.8851862e+02   1.5980243e-47
   4.8962979e+02   1.5987689e-47
   4.9074348e+02   1.5998215e-47
   4.9185971e+02   1.6010723e-47
   4.9297848e+02   1.6024576e-47
   4.9409980e+02   1.6039386e-47
   4.9522366e+02   1.6054904e-47
   4.9635008e+02   1.6070965e-47
   4.9747907e+02   1.6087456e-47
   4.9861062e+02   1.6104300e-47
   4.9974474e+02   1.6121439e-47
   5.0088145e+02   1.6138832e-47
   5.0202074e+02   1.6156447e-47
   5.0316262e+02   1.6174263e-47
   5.0430709e+02   1.6192260e-47
   5.0545418e+02   1.6210425e-47
   5.0660387e+02   1.6228748e-47
   5.0775617e+02   1.6247219e-47
   5.0891110e+02   1.6265832e-47
   5.1006865e+02   1.6284582e-47
   5.1122884e+02   1.6303465e-47
   5.1239167e+02   1.6322476e-47
   5.1355714e+02   1.6341613e-47
   5.1472526e+02   1.6360874e-47
   5.1589604e+02   1.6380256e-47
   5.1706948e+02   1.6399759e-47
   5.1824559e+02   1.6419381e-47
   5.1942438e+02   1.6439122e-47
   5.2060584e+02   1.6458979e-47
   5.2179000e+02   1.6478954e-47
   5.2297684e+02   1.6499045e-47
   5.2416639e+02   1.6519252e-47
   5.2535864e+02   1.6539574e-47
   5.2655361e+02   1.6560013e-47
   5.2775129e+02   1.6580567e-47
   5.2895170e+02   1.6601237e-47
   5.3015484e+02   1.6622023e-47
   5.3136071e+02   1.6642925e-47
   5.3256933e+02   1.6663942e-47
   5.3378069e+02   1.6685076e-47
   5.3499482e+02   1.6706326e-47
   5.3621170e+02   1.6727693e-47
   5.3743135e+02   1.6749177e-47
   5.3865378e+02   1.6770778e-47
   5.3987898e+02   1.6792497e-47
   5.4110697e+02   1.6814333e-47
   5.4233776e+02   1.6836288e-47
   5.4357134e+02   1.6858362e-47
   5.4480774e+02   1.6880555e-47
   5.4604694e+02   1.6902867e-47
   5.4728896e+02   1.6925299e-47
   5.4853381e+02   1.6947852e-47
   5.4978149e+02   1.6970525e-47
   5.5103200e+02   1.6993319e-47
   5.5228536e+02   1.7016236e-47
   5.5354157e+02   1.7039274e-47
   5.5480064e+02   1.7062434e-47
   5.5606258e+02   1.7085718e-47
   5.5732738e+02   1.7109125e-47
   5.5859506e+02   1.7132657e-47
   5.5986562e+02   1.7156312e-47
   5.6113908e+02   1.7180093e-47
   5.6241543e+02   1.7203999e-47
   5.6369468e+02   1.7228032e-47
   5.6497684e+02   1.7252190e-47
   5.6626192e+02   1.7276476e-47
   5.6754992e+02   1.7300889e-47
   5.6884086e+02   1.7325431e-47
   5.7013472e+02   1.7350101e-47
   5.7143154e+02   1.7374900e-47
   5.7273130e+02   1.7399828e-47
   5.7403401e+02   1.7424887e-47
   5.7533969e+02   1.7450077e-47
   5.7664834e+02   1.7475398e-47
   5.7795997e+02   1.7500851e-47
   5.7927458e+02   1.7526436e-47
   5.8059218e+02   1.7552154e-47
   5.8191278e+02   1.7578006e-47
   5.8323638e+02   1.7603991e-47
   5.8456299e+02   1.7630112e-47
   5.8589262e+02   1.7656367e-47
   5.8722528e+02   1.7682759e-47
   5.8856096e+02   1.7709287e-47
   5.8989968e+02   1.7735951e-47
   5.9124145e+02   1.7762754e-47
   5.9258627e+02   1.7789694e-47
   5.9393415e+02   1.7816773e-47
   5.9528510e+02   1.7843992e-47
   5.9663911e+02   1.7871350e-47
   5.9799621e+02   1.7898849e-47
   5.9935639e+02   1.7926489e-47
   6.0071967e+02   1.7954271e-47
   6.0208605e+02   1.7982195e-47
   6.0345554e+02   1.8010262e-47
   6.0482814e+02   1.8038472e-47
   6.0620386e+02   1.8066827e-47
   6.0758272e+02   1.8095326e-47
   6.0896471e+02   1.8123971e-47
   6.1034984e+02   1.8152762e-47
   6.1173812e+02   1.8181700e-47
   6.1312956e+02   1.8210785e-47
   6.1452417e+02   1.8240018e-47
   6.1592195e+02   1.8269400e-47
   6.1732290e+02   1.8298930e-47
   6.1872705e+02   1.8328611e-47
   6.2013439e+02   1.8358442e-47
   6.2154493e+02   1.8388425e-47
   6.2295867e+02   1.8418559e-47
   6.2437564e+02   1.8448846e-47
   6.2579582e+02   1.8479286e-47
   6.2721924e+02   1.8509879e-47
   6.2864589e+02   1.8540628e-47
   6.3007579e+02   1.8571531e-47
   6.3150894e+02   1.8602591e-47
   6.3294535e+02   1.8633806e-47
   6.3438503e+02   1.8665179e-47
   6.3582799e+02   1.8696710e-47
   6.3727422e+02   1.8728400e-47
   6.3872375e+02   1.8760249e-47
   6.4017657e+02   1.8792257e-47
   6.4163269e+02   1.8824427e-47
   6.4309213e+02   1.8856758e-47
   6.4455489e+02   1.8889251e-47
   6.4602097e+02   1.8921906e-47
   6.4749039e+02   1.8954726e-47
   6.4896316e+02   1.8987709e-47
   6.5043927e+02   1.9020857e-47
   6.5191874e+02   1.9054171e-47
   6.5340157e+02   1.9087652e-47
   6.5488778e+02   1.9121299e-47
   6.5637737e+02   1.9155114e-47
   6.5787034e+02   1.9189098e-47
   6.5936672e+02   1.9223251e-47
   6.6086649e+02   1.9257575e-47
   6.6236968e+02   1.9292069e-47
   6.6387629e+02   1.9326734e-47
   6.6538632e+02   1.9361572e-47
   6.6689979e+02   1.9396583e-47
   6.6841670e+02   1.9431768e-47
   6.6993706e+02   1.9467127e-47
   6.7146088e+02   1.9502662e-47
   6.7298816e+02   1.9538372e-47
   6.7451892e+02   1.9574260e-47
   6.7605316e+02   1.9610325e-47
   6.7759089e+02   1.9646569e-47
   6.7913212e+02   1.9682992e-47
   6.8067685e+02   1.9719595e-47
   6.8222510e+02   1.9756379e-47
   6.8377687e+02   1.9793344e-47
   6.8533216e+02   1.9830492e-47
   6.8689100e+02   1.9867823e-47
   6.8845338e+02   1.9905338e-47
   6.9001932e+02   1.9943037e-47
   6.9158881e+02   1.9980923e-47
   6.9316188e+02   2.0018995e-47
   6.9473853e+02   2.0057254e-47
   6.9631876e+02   2.0095701e-47
   6.9790258e+02   2.0134337e-47
   6.9949001e+02   2.0173163e-47
   7.0108105e+02   2.0212180e-47
   7.0267571e+02   2.0251388e-47
   7.0427399e+02   2.0290788e-47
   7.0587591e+02   2.0330382e-47
   7.0748148e+02   2.0370169e-47
   7.0909069e+02   2.0410151e-47
   7.1070357e+02   2.0450329e-47
   7.1232011e+02   2.0490704e-47
   7.1394034e+02   2.0531275e-47
   7.1556424e+02   2.0572046e-47
   7.1719184e+02   2.0613015e-47
   7.1882315e+02   2.0654185e-47
   7.2045816e+02   2.0695555e-47
   7.2209689e+02   2.0737127e-47
   7.2373935e+02   2.0778902e-47
   7.2538555e+02   2.0820881e-47
   7.2703549e+02   2.0863064e-47
   7.2868918e+02   2.0905452e-47
   7.3034664e+02   2.0948047e-47
   7.3200786e+02   2.0990849e-47
   7.3367286e+02   2.1033860e-47
   7.3534165e+02   2.1077079e-47
   7.3701424e+02   2.1120508e-47
   7.3869063e+02   2.1164149e-47
   7.4037083e+02   2.1208001e-47
   7.4205486e+02   2.1252066e-47
   7.4374271e+02   2.1296345e-47
   7.4543441e+02   2.1340838e-47
   7.4712995e+02   2.1385547e-47
   7.4882935e+02   2.1430473e-47
   7.5053262e+02   2.1475617e-47
   7.5223975e+02   2.1520979e-47
   7.5395078e+02   2.1566560e-47
   7.5566569e+02   2.1612362e-47
   7.5738450e+02   2.1658385e-47
   7.5910723e+02   2.1704631e-47
   7.6083387e+02   2.1751100e-47
   7.6256444e+02   2.1797794e-47
   7.6429895e+02   2.1844713e-47
   7.6603740e+02   2.1891859e-47
   7.6777980e+02   2.1939232e-47
   7.6952617e+02   2.1986833e-47
   7.7127651e+02   2.2034664e-47
   7.7303084e+02   2.2082726e-47
   7.7478915e+02   2.2131019e-47
   7.7655146e+02   2.2179544e-47
   7.7831778e+02   2.2228303e-47
   7.8008812e+02   2.2277297e-47
   7.8186248e+02   2.2326526e-47
   7.8364088e+02   2.2375992e-47
   7.8542333e+02   2.2425695e-47
   7.8720983e+02   2.2475638e-47
   7.8900039e+02   2.2525820e-47
   7.9079503e+02   2.2576244e-47
   7.9259375e+02   2.2626909e-47
   7.9439656e+02   2.2677817e-47
   7.9620347e+02   2.2728970e-47
   7.9801449e+02   2.2780368e-47
   7.9982963e+02   2.2832012e-47
   8.0164890e+02   2.2883904e-47
   8.0347230e+02   2.2936044e-47
   8.0529986e+02   2.2988434e-47
   8.0713157e+02   2.3041075e-47
   8.0896745e+02   2.3093967e-47
   8.1080750e+02   2.3147113e-47
   8.1265174e+02   2.3200513e-47
   8.1450017e+02   2.3254168e-47
   8.1635281e+02   2.3308079e-47
   8.1820966e+02   2.3362248e-47
   8.2007073e+02   2.3416676e-47
   8.2193604e+02   2.3471363e-47
   8.2380559e+02   2.3526312e-47
   8.2567940e+02   2.3581523e-47
   8.2755746e+02   2.3636997e-47
   8.2943980e+02   2.3692736e-47
   8.3132642e+02   2.3748740e-47
   8.3321733e+02   2.3805012e-47
   8.3511254e+02   2.3861551e-47
   8.3701206e+02   2.3918360e-47
   8.3891590e+02   2.3975439e-47
   8.4082408e+02   2.4032790e-47
   8.4273659e+02   2.4090414e-47
   8.4465345e+02   2.4148312e-47
   8.4657468e+02   2.4206486e-47
   8.4850027e+02   2.4264936e-47
   8.5043024e+02   2.4323664e-47
   8.5236461e+02   2.4382671e-47
   8.5430337e+02   2.4441958e-47
   8.5624654e+02   2.4501527e-47
   8.5819413e+02   2.4561379e-47
   8.6014616e+02   2.4621515e-47
   8.6210262e+02   2.4681937e-47
   8.6406353e+02   2.4742645e-47
   8.6602890e+02   2.4803641e-47
   8.6799875e+02   2.4864926e-47
   8.6997307e+02   2.4926502e-47
   8.7195189e+02   2.4988370e-47
   8.7393520e+02   2.5050531e-47
   8.7592303e+02   2.5112987e-47
   8.7791538e+02   2.5175738e-47
   8.7991226e+02   2.5238787e-47
   8.8191368e+02   2.5302134e-47
   8.8391965e+02   2.5365781e-47
   8.8593019e+02   2.5429729e-47
   8.8794530e+02   2.5493980e-47
   8.8996499e+02   2.5558534e-47
   8.9198928e+02   2.5623395e-47
   8.9401817e+02   2.5688561e-47
   8.9605168e+02   2.5754037e-47
   8.9808981e+02   2.5819821e-47
   9.0013258e+02   2.5885917e-47
   9.0217999e+02   2.5952325e-47
   9.0423206e+02   2.6019047e-47
   9.0628880e+02   2.6086084e-47
   9.0835022e+02   2.6153439e-47
   9.1041633e+02   2.6221112e-47
   9.1248713e+02   2.6289104e-47
   9.1456265e+02   2.6357419e-47
   9.1664288e+02   2.6426056e-47
   9.1872785e+02   2.6495019e-47
   9.2081756e+02   2.6564308e-47
   9.2291203e+02   2.6633926e-47
   9.2501126e+02   2.6703875e-47
   9.2711526e+02   2.6774156e-47
   9.2922405e+02   2.6844773e-47
   9.3133763e+02   2.6915728e-47
   9.3345602e+02   2.6987024e-47
   9.3557923e+02   2.7058666e-47
   9.3770727e+02   2.7130660e-47
   9.3984016e+02   2.7203013e-47
   9.4197789e+02   2.7275737e-47
   9.4412048e+02   2.7348850e-47
   9.4626795e+02   2.7422385e-47
   9.4842030e+02   2.7496402e-47
   9.5057755e+02   2.7571032e-47
   9.5273971e+02   2.7646599e-47
   9.5490678e+02   2.7724126e-47
   9.5707878e+02   2.7808402e-47
   9.5925572e+02   2.7958886e-47
   9.6143762e+02   2.8414364e-47
   9.6362447e+02   2.8045438e-47
   9.6581631e+02   2.8104629e-47
   9.6801312e+02   2.8177280e-47
   9.7021494e+02   2.8252839e-47
   9.7242176e+02   2.8329582e-47
   9.7463360e+02   2.8407033e-47
   9.7685047e+02   2.8485017e-47
   9.7907239e+02   2.8563461e-47
   9.8129935e+02   2.8642327e-47
   9.8353139e+02   2.8721598e-47
   9.8576850e+02   2.8801263e-47
   9.8801070e+02   2.8881316e-47
   9.9025800e+02   2.8961756e-47
   9.9251041e+02   2.9042581e-47
   9.9476794e+02   2.9123790e-47
   9.9703061e+02   2.9205383e-47
   9.9929843e+02   2.9287362e-47
   1.0015714e+03   2.9369727e-47
   1.0038495e+03   2.9452479e-47
   1.0061329e+03   2.9535620e-47
   1.0084214e+03   2.9619151e-47
   1.0107151e+03   2.9703074e-47
   1.0130141e+03   2.9787390e-47
   1.0153182e+03   2.9872100e-47
   1.0176276e+03   2.9957207e-47
   1.0199423e+03   3.0042713e-47
   1.0222622e+03   3.0128618e-47
   1.0245874e+03   3.0214924e-47
   1.0269179e+03   3.0301634e-47
   1.0292537e+03   3.0388749e-47
   1.0315948e+03   3.0476271e-47
   1.0339413e+03   3.0564201e-47
   1.0362931e+03   3.0652542e-47
   1.0386502e+03   3.0741295e-47
   1.0410127e+03   3.0830462e-47
   1.0433805e+03   3.0920045e-47
   1.0457538e+03   3.1010046e-47
   1.0481324e+03   3.1100467e-47
   1.0505164e+03   3.1191309e-47
   1.0529059e+03   3.1282575e-47
   1.0553008e+03   3.1374266e-47
   1.0577012e+03   3.1466384e-47
   1.0601070e+03   3.1558931e-47
   1.0625183e+03   3.1651910e-47
   1.0649351e+03   3.1745321e-47
   1.0673573e+03   3.1839168e-47
   1.0697851e+03   3.1933451e-47
   1.0722184e+03   3.2028173e-47
   1.0746572e+03   3.2123337e-47
   1.0771016e+03   3.2218943e-47
   1.0795516e+03   3.2314994e-47
   1.0820071e+03   3.2411491e-47
   1.0844682e+03   3.2508438e-47
   1.0869349e+03   3.2605836e-47
   1.0894072e+03   3.2703686e-47
   1.0918851e+03   3.2801992e-47
   1.0943687e+03   3.2900754e-47
   1.0968579e+03   3.2999976e-47
   1.0993528e+03   3.3099659e-47
   1.1018533e+03   3.3199805e-47
   1.1043596e+03   3.3300416e-47
   1.1068715e+03   3.3401495e-47
   1.1093892e+03   3.3503043e-47
   1.1119126e+03   3.3605063e-47
   1.1144417e+03   3.3707557e-47
   1.1169766e+03   3.3810527e-47
   1.1195172e+03   3.3913975e-47
   1.1220636e+03   3.4017903e-47
   1.1246158e+03   3.4122313e-47
   1.1271739e+03   3.4227208e-47
   1.1297377e+03   3.4332590e-47
   1.1323074e+03   3.4438461e-47
   1.1348829e+03   3.4544823e-47
   1.1374642e+03   3.4651678e-47
   1.1400515e+03   3.4759029e-47
   1.1426446e+03   3.4866878e-47
   1.1452436e+03   3.4975227e-47
   1.1478486e+03   3.5084078e-47
   1.1504594e+03   3.5193434e-47
   1.1530762e+03   3.5303297e-47
   1.1556990e+03   3.5413669e-47
   1.1583277e+03   3.5524553e-47
   1.1609624e+03   3.5635950e-47
   1.1636031e+03   3.5747864e-47
   1.1662498e+03   3.5860296e-47
   1.1689025e+03   3.5973249e-47
   1.1715613e+03   3.6086725e-47
   1.1742261e+03   3.6200726e-47
   1.1768969e+03   3.6315256e-47
   1.1795738e+03   3.6430315e-47
   1.1822569e+03   3.6545908e-47
   1.1849460e+03   3.6662035e-47
   1.1876412e+03   3.6778700e-47
   1.1903426e+03   3.6895906e-47
   1.1930501e+03   3.7013653e-47
   1.1957638e+03   3.7131945e-47
   1.1984837e+03   3.7250785e-47
   1.2012097e+03   3.7370174e-47
   1.2039419e+03   3.7490116e-47
   1.2066804e+03   3.7610613e-47
   1.2094251e+03   3.7731666e-47
   1.2121760e+03   3.7853280e-47
   1.2149332e+03   3.7975456e-47
   1.2176966e+03   3.8098197e-47
   1.2204663e+03   3.8221505e-47
   1.2232424e+03   3.8345383e-47
   1.2260247e+03   3.8469834e-47
   1.2288134e+03   3.8594860e-47
   1.2316084e+03   3.8720464e-47
   1.2344098e+03   3.8846648e-47
   1.2372176e+03   3.8973415e-47
   1.2400317e+03   3.9100768e-47
   1.2428522e+03   3.9228709e-47
   1.2456792e+03   3.9357241e-47
   1.2485126e+03   3.9486367e-47
   1.2513524e+03   3.9616089e-47
   1.2541987e+03   3.9746410e-47
   1.2570515e+03   3.9877333e-47
   1.2599107e+03   4.0008860e-47
   1.2627765e+03   4.0140995e-47
   1.2656487e+03   4.0273739e-47
   1.2685275e+03   4.0407096e-47
   1.2714129e+03   4.0541069e-47
   1.2743048e+03   4.0675660e-47
   1.2772033e+03   4.0810872e-47
   1.2801084e+03   4.0946708e-47
   1.2830201e+03   4.1083170e-47
   1.2859384e+03   4.1220263e-47
   1.2888634e+03   4.1357987e-47
   1.2917950e+03   4.1496347e-47
   1.2947333e+03   4.1635345e-47
   1.2976782e+03   4.1774984e-47
   1.3006299e+03   4.1915267e-47
   1.3035882e+03   4.2056197e-47
   1.3065533e+03   4.2197776e-47
   1.3095252e+03   4.2340009e-47
   1.3125038e+03   4.2482897e-47
   1.3154892e+03   4.2626443e-47
   1.3184814e+03   4.2770652e-47
   1.3214803e+03   4.2915524e-47
   1.3244861e+03   4.3061065e-47
   1.3274988e+03   4.3207276e-47
   1.3305183e+03   4.3354161e-47
   1.3335446e+03   4.3501723e-47
   1.3365779e+03   4.3649965e-47
   1.3396180e+03   4.3798889e-47
   1.3426650e+03   4.3948500e-47
   1.3457190e+03   4.4098799e-47
   1.3487800e+03   4.4249791e-47
   1.3518479e+03   4.4401479e-47
   1.3549227e+03   4.4553865e-47
   1.3580046e+03   4.4706952e-47
   1.3610935e+03   4.4860745e-47
   1.3641894e+03   4.5015245e-47
   1.3672923e+03   4.5170457e-47
   1.3704023e+03   4.5326384e-47
   1.3735194e+03   4.5483029e-47
   1.3766436e+03   4.5640394e-47
   1.3797748e+03   4.5798484e-47
   1.3829132e+03   4.5957302e-47
   1.3860588e+03   4.6116851e-47
   1.3892115e+03   4.6277134e-47
   1.3923713e+03   4.6438155e-47
   1.3955384e+03   4.6599917e-47
   1.3987126e+03   4.6762425e-47
   1.4018941e+03   4.6925680e-47
   1.4050828e+03   4.7089688e-47
   1.4082787e+03   4.7254452e-47
   1.4114820e+03   4.7419976e-47
   1.4146925e+03   4.7586265e-47
   1.4179103e+03   4.7753325e-47
   1.4211354e+03   4.7921163e-47
   1.4243679e+03   4.8089791e-47
   1.4276077e+03   4.8259233e-47
   1.4308549e+03   4.8429547e-47
   1.4341095e+03   4.8600946e-47
   1.4373715e+03   4.8774878e-47
   1.4406409e+03   4.9110074e-47
   1.4439177e+03   4.9123350e-47
   1.4472020e+03   4.9292792e-47
   1.4504938e+03   4.9466967e-47
   1.4537930e+03   4.9642420e-47
   1.4570998e+03   4.9818809e-47
   1.4604141e+03   4.9996057e-47
   1.4637359e+03   5.0174142e-47
   1.4670652e+03   5.0353056e-47
   1.4704022e+03   5.0532800e-47
   1.4737467e+03   5.0713373e-47
   1.4770989e+03   5.0894778e-47
   1.4804586e+03   5.1077018e-47
   1.4838260e+03   5.1260097e-47
   1.4872011e+03   5.1444018e-47
   1.4905838e+03   5.1628784e-47
   1.4939743e+03   5.1814398e-47
   1.4973724e+03   5.2000866e-47
   1.5007783e+03   5.2188190e-47
   1.5041919e+03   5.2376375e-47
   1.5076133e+03   5.2565424e-47
   1.5110425e+03   5.2755341e-47
   1.5144795e+03   5.2946130e-47
   1.5179242e+03   5.3137795e-47
   1.5213769e+03   5.3330340e-47
   1.5248373e+03   5.3523768e-47
   1.5283057e+03   5.3718085e-47
   1.5317819e+03   5.3913294e-47
   1.5352661e+03   5.4109398e-47
   1.5387582e+03   5.4306403e-47
   1.5422582e+03   5.4504311e-47
   1.5457661e+03   5.4703128e-47
   1.5492821e+03   5.4902858e-47
   1.5528060e+03   5.5103503e-47
   1.5563380e+03   5.5305070e-47
   1.5598780e+03   5.5507561e-47
   1.5634261e+03   5.5710981e-47
   1.5669822e+03   5.5915334e-47
   1.5705464e+03   5.6120625e-47
   1.5741187e+03   5.6326857e-47
   1.5776992e+03   5.6534036e-47
   1.5812877e+03   5.6742164e-47
   1.5848845e+03   5.6951247e-47
   1.5884894e+03   5.7161290e-47
   1.5921025e+03   5.7372295e-47
   1.5957239e+03   5.7584268e-47
   1.5993535e+03   5.7797213e-47
   1.6029913e+03   5.8011135e-47
   1.6066374e+03   5.8226037e-47
   1.6102918e+03   5.8441925e-47
   1.6139546e+03   5.8658802e-47
   1.6176256e+03   5.8876674e-47
   1.6213050e+03   5.9095545e-47
   1.6249928e+03   5.9315419e-47
   1.6286890e+03   5.9536301e-47
   1.6323935e+03   5.9758195e-47
   1.6361065e+03   5.9981107e-47
   1.6398280e+03   6.0205040e-47
   1.6435579e+03   6.0429999e-47
   1.6472962e+03   6.0655990e-47
   1.6510431e+03   6.0883016e-47
   1.6547985e+03   6.1111082e-47
   1.6585625e+03   6.1340194e-47
   1.6623350e+03   6.1570356e-47
   1.6661161e+03   6.1801572e-47
   1.6699058e+03   6.2033847e-47
   1.6737041e+03   6.2267187e-47
   1.6775111e+03   6.2501596e-47
   1.6813267e+03   6.2737079e-47
   1.6851510e+03   6.2973640e-47
   1.6889840e+03   6.3211286e-47
   1.6928257e+03   6.3450020e-47
   1.6966762e+03   6.3689847e-47
   1.7005354e+03   6.3930773e-47
   1.7044033e+03   6.4172803e-47
   1.7082801e+03   6.4415941e-47
   1.7121657e+03   6.4660192e-47
   1.7160602e+03   6.4905563e-47
   1.7199635e+03   6.5152056e-47
   1.7238757e+03   6.5399679e-47
   1.7277967e+03   6.5648436e-47
   1.7317267e+03   6.5898332e-47
   1.7356657e+03   6.6149372e-47
   1.7396135e+03   6.6401562e-47
   1.7435704e+03   6.6654906e-47
   1.7475363e+03   6.6909410e-47
   1.7515112e+03   6.7165080e-47
   1.7554951e+03   6.7421919e-47
   1.7594881e+03   6.7679935e-47
   1.7634902e+03   6.7939132e-47
   1.7675014e+03   6.8199516e-47
   1.7715217e+03   6.8461091e-47
   1.7755511e+03   6.8723864e-47
   1.7795897e+03   6.8987839e-47
   1.7836375e+03   6.9253023e-47
   1.7876946e+03   6.9519421e-47
   1.7917608e+03   6.9787038e-47
   1.7958363e+03   7.0055879e-47
   1.7999210e+03   7.0325951e-47
   1.8040151e+03   7.0597259e-47
   1.8081184e+03   7.0869809e-47
   1.8122311e+03   7.1143605e-47
   1.8163532e+03   7.1418655e-47
   1.8204846e+03   7.1694963e-47
   1.8246254e+03   7.1972536e-47
   1.8287757e+03   7.2251379e-47
   1.8329353e+03   7.2531497e-47
   1.8371045e+03   7.2812897e-47
   1.8412831e+03   7.3095585e-47
   1.8454712e+03   7.3379566e-47
   1.8496689e+03   7.3664846e-47
   1.8538761e+03   7.3951431e-47
   1.8580928e+03   7.4239327e-47
   1.8623192e+03   7.4528541e-47
   1.8665552e+03   7.4819077e-47
   1.8708008e+03   7.5110943e-47
   1.8750561e+03   7.5404144e-47
   1.8793210e+03   7.5698686e-47
   1.8835957e+03   7.5994577e-47
   1.8878800e+03   7.6291821e-47
   1.8921741e+03   7.6590426e-47
   1.8964780e+03   7.6890399e-47
   1.9007917e+03   7.7191749e-47
   1.9051152e+03   7.7494487e-47
   1.9094485e+03   7.7798636e-47
   1.9137917e+03   7.8104278e-47
   1.9181447e+03   7.8412239e-47
   1.9225077e+03   7.8735764e-47
   1.9268806e+03   7.9029434e-47
   1.9312634e+03   7.9340178e-47
   1.9356562e+03   7.9652633e-47
   1.9400590e+03   7.9966570e-47
   1.9444718e+03   8.0281959e-47
   1.9488946e+03   8.0598797e-47
   1.9533275e+03   8.0917087e-47
   1.9577705e+03   8.1236834e-47
   1.9622236e+03   8.1558043e-47
   1.9666868e+03   8.1880722e-47
   1.9711601e+03   8.2204876e-47
   1.9756437e+03   8.2530512e-47
   1.9801374e+03   8.2857637e-47
   1.9846414e+03   8.3186258e-47
   1.9891556e+03   8.3516380e-47
   1.9936801e+03   8.3848012e-47
   1.9982148e+03   8.4181160e-47
   2.0027599e+03   8.4515830e-47
   2.0073153e+03   8.4852030e-47
   2.0118811e+03   8.5189767e-47
   2.0164573e+03   8.5529047e-47
   2.0210438e+03   8.5869878e-47
   2.0256408e+03   8.6212267e-47
   2.0302483e+03   8.6556220e-47
   2.0348662e+03   8.6901745e-47
   2.0394947e+03   8.7248849e-47
   2.0441337e+03   8.7597539e-47
   2.0487832e+03   8.7947823e-47
   2.0534433e+03   8.8299707e-47
   2.0581140e+03   8.8653200e-47
   2.0627953e+03   8.9008307e-47
   2.0674873e+03   8.9365037e-47
   2.0721899e+03   8.9723397e-47
   2.0769033e+03   9.0083394e-47
   2.0816273e+03   9.0445036e-47
   2.0863621e+03   9.0808331e-47
   2.0911077e+03   9.1173285e-47
   2.0958641e+03   9.1539906e-47
   2.1006313e+03   9.1908203e-47
   2.1054093e+03   9.2278182e-47
   2.1101982e+03   9.2649851e-47
   2.1149980e+03   9.3023218e-47
   2.1198087e+03   9.3398291e-47
   2.1246304e+03   9.3775077e-47
   2.1294630e+03   9.4153584e-47
   2.1343066e+03   9.4533821e-47
   2.1391612e+03   9.4915794e-47
   2.1440269e+03   9.5299511e-47
   2.1489036e+03   9.5684982e-47
   2.1537915e+03   9.6072213e-47
   2.1586904e+03   9.6461213e-47
   2.1636005e+03   9.6851990e-47
   2.1685218e+03   9.7244551e-47
   2.1734542e+03   9.7638905e-47
   2.1783979e+03   9.8035061e-47
   2.1833528e+03   9.8433025e-47
   2.1883190e+03   9.8832807e-47
   2.1932965e+03   9.9234415e-47
   2.1982853e+03   9.9637857e-47
   2.2032854e+03   1.0004314e-46
   2.2082970e+03   1.0045028e-46
   2.2133199e+03   1.0085927e-46
   2.2183542e+03   1.0127013e-46
   2.2234000e+03   1.0168287e-46
   2.2284573e+03   1.0209749e-46
   2.2335261e+03   1.0251401e-46
   2.2386064e+03   1.0293243e-46
   2.2436983e+03   1.0335276e-46
   2.2488017e+03   1.0377500e-46
   2.2539168e+03   1.0419918e-46
   2.2590435e+03   1.0462529e-46
   2.2641818e+03   1.0505335e-46
   2.2693319e+03   1.0548336e-46
   2.2744936e+03   1.0591534e-46
   2.2796671e+03   1.0634929e-46
   2.2848524e+03   1.0678522e-46
   2.2900494e+03   1.0722313e-46
   2.2952583e+03   1.0766305e-46
   2.3004790e+03   1.0810498e-46
   2.3057116e+03   1.0854892e-46
   2.3109561e+03   1.0899490e-46
   2.3162126e+03   1.0944290e-46
   2.3214810e+03   1.0989296e-46
   2.3267613e+03   1.1034506e-46
   2.3320537e+03   1.1079923e-46
   2.3373581e+03   1.1125548e-46
   2.3426746e+03   1.1171380e-46
   2.3480032e+03   1.1217422e-46
   2.3533439e+03   1.1263674e-46
   2.3586967e+03   1.1310137e-46
   2.3640618e+03   1.1356813e-46
   2.3694390e+03   1.1403701e-46
   2.3748284e+03   1.1450804e-46
   2.3802301e+03   1.1498121e-46
   2.3856441e+03   1.1545656e-46
   2.3910705e+03   1.1593409e-46
   2.3965091e+03   1.1641394e-46
   2.4019601e+03   1.2658550e-46
   2.4074236e+03   1.1737987e-46
   2.4128994e+03   1.1786598e-46
   2.4183877e+03   1.1835445e-46
   2.4238885e+03   1.1884517e-46
   2.4294018e+03   1.1933813e-46
   2.4349277e+03   1.1983334e-46
   2.4404661e+03   1.2033082e-46
   2.4460171e+03   1.2083056e-46
   2.4515807e+03   1.2133259e-46
   2.4571570e+03   1.2183691e-46
   2.4627460e+03   1.2234353e-46
   2.4683477e+03   1.2285246e-46
   2.4739621e+03   1.2336371e-46
   2.4795893e+03   1.2387730e-46
   2.4852293e+03   1.2439323e-46
   2.4908821e+03   1.2491151e-46
   2.4965478e+03   1.2543216e-46
   2.5022264e+03   1.2595519e-46
   2.5079179e+03   1.2648060e-46
   2.5136223e+03   1.2700841e-46
   2.5193397e+03   1.2753862e-46
   2.5250701e+03   1.2807126e-46
   2.5308136e+03   1.2860633e-46
   2.5365701e+03   1.2914383e-46
   2.5423397e+03   1.2968379e-46
   2.5481224e+03   1.3022622e-46
   2.5539183e+03   1.3077112e-46
   2.5597274e+03   1.3131850e-46
   2.5655497e+03   1.3186838e-46
   2.5713852e+03   1.3242077e-46
   2.5772340e+03   1.3297568e-46
   2.5830961e+03   1.3353313e-46
   2.5889715e+03   1.3409311e-46
   2.5948603e+03   1.3465565e-46
   2.6007625e+03   1.3522076e-46
   2.6066781e+03   1.3578844e-46
   2.6126072e+03   1.3635872e-46
   2.6185498e+03   1.3693159e-46
   2.6245058e+03   1.3750708e-46
   2.6304754e+03   1.3808520e-46
   2.6364586e+03   1.3866595e-46
   2.6424555e+03   1.3924935e-46
   2.6484659e+03   1.3983541e-46
   2.6544900e+03   1.4042415e-46
   2.6605279e+03   1.4101557e-46
   2.6665794e+03   1.4160969e-46
   2.6726447e+03   1.4220652e-46
   2.6787238e+03   1.4280607e-46
   2.6848168e+03   1.4340835e-46
   2.6909236e+03   1.4401339e-46
   2.6970443e+03   1.4462118e-46
   2.7031789e+03   1.4523174e-46
   2.7093275e+03   1.4584509e-46
   2.7154900e+03   1.4646124e-46
   2.7216666e+03   1.4708020e-46
   2.7278572e+03   1.4770198e-46
   2.7340619e+03   1.4832660e-46
   2.7402807e+03   1.4895406e-46
   2.7465137e+03   1.4958439e-46
   2.7527608e+03   1.5021760e-46
   2.7590222e+03   1.5085369e-46
   2.7652978e+03   1.5149268e-46
   2.7715876e+03   1.5213458e-46
   2.7778918e+03   1.5277942e-46
   2.7842103e+03   1.5342719e-46
   2.7905432e+03   1.5407792e-46
   2.7968905e+03   1.5473162e-46
   2.8032522e+03   1.5538829e-46
   2.8096284e+03   1.5604797e-46
   2.8160191e+03   1.5671065e-46
   2.8224243e+03   1.5737635e-46
   2.8288441e+03   1.5804509e-46
   2.8352785e+03   1.5871688e-46
   2.8417276e+03   1.5939173e-46
   2.8481913e+03   1.6006966e-46
   2.8546697e+03   1.6075068e-46
   2.8611628e+03   1.6143481e-46
   2.8676707e+03   1.6212207e-46
   2.8741935e+03   1.6281248e-46
   2.8807310e+03   1.6350734e-46
   2.8872834e+03   1.6420279e-46
   2.8938508e+03   1.6490254e-46
   2.9004330e+03   1.6560559e-46
   2.9070303e+03   1.6631185e-46
   2.9136425e+03   1.6702133e-46
   2.9202698e+03   1.6773405e-46
   2.9269122e+03   1.6845002e-46
   2.9335696e+03   1.6916926e-46
   2.9402422e+03   1.6989177e-46
   2.9469300e+03   1.7061758e-46
   2.9536330e+03   1.7134670e-46
   2.9603513e+03   1.7207914e-46
   2.9670848e+03   1.7281493e-46
   2.9738336e+03   1.7355406e-46
   2.9805978e+03   1.7429657e-46
   2.9873774e+03   1.7504246e-46
   2.9941724e+03   1.7579176e-46
   3.0009828e+03   1.7654447e-46
   3.0078088e+03   1.7730061e-46
   3.0146503e+03   1.7806020e-46
   3.0215073e+03   1.7882326e-46
   3.0283799e+03   1.7958979e-46
   3.0352682e+03   1.8035982e-46
   3.0421721e+03   1.8113335e-46
   3.0490917e+03   1.8191042e-46
   3.0560271e+03   1.8269103e-46
   3.0629783e+03   1.8347519e-46
   3.0699452e+03   1.8426293e-46
   3.0769280e+03   1.8505427e-46
   3.0839267e+03   1.8584921e-46
   3.0909413e+03   1.8664777e-46
   3.0979719e+03   1.8744998e-46
   3.1050184e+03   1.8825584e-46
   3.1120810e+03   1.8906538e-46
   3.1191597e+03   1.8987861e-46
   3.1262544e+03   1.9069554e-46
   3.1333653e+03   1.9151620e-46
   3.1404924e+03   1.9234060e-46
   3.1476356e+03   1.9316876e-46
   3.1547951e+03   1.9400069e-46
   3.1619709e+03   1.9483642e-46
   3.1691631e+03   1.9567596e-46
   3.1763715e+03   1.9651932e-46
   3.1835964e+03   1.9736653e-46
   3.1908377e+03   1.9821760e-46
   3.1980955e+03   1.9907255e-46
   3.2053698e+03   1.9993140e-46
   3.2126607e+03   2.0079416e-46
   3.2199681e+03   2.0166085e-46
   3.2272921e+03   2.0253150e-46
   3.2346328e+03   2.0340611e-46
   3.2419902e+03   2.0428472e-46
   3.2493643e+03   2.0516732e-46
   3.2567553e+03   2.0605395e-46
   3.2641630e+03   2.0694463e-46
   3.2715875e+03   2.0783936e-46
   3.2790290e+03   2.0873817e-46
   3.2864874e+03   2.0964108e-46
   3.2939627e+03   2.1054810e-46
   3.3014551e+03   2.1145926e-46
   3.3089645e+03   2.1237457e-46
   3.3164909e+03   2.1329405e-46
   3.3240345e+03   2.1421772e-46
   3.3315953e+03   2.1514561e-46
   3.3391732e+03   2.1607772e-46
   3.3467684e+03   2.1701409e-46
   3.3543809e+03   2.1795474e-46
   3.3620106e+03   2.1890375e-46
   3.3696578e+03   2.1984890e-46
   3.3773223e+03   2.2080242e-46
   3.3850042e+03   2.2176031e-46
   3.3927037e+03   2.2272257e-46
   3.4004206e+03   2.2368922e-46
   3.4081551e+03   2.2466027e-46
   3.4159072e+03   2.2563576e-46
   3.4236769e+03   2.2661568e-46
   3.4314643e+03   2.2760008e-46
   3.4392694e+03   2.2858896e-46
   3.4470923e+03   2.2958234e-46
   3.4549329e+03   2.3058026e-46
   3.4627914e+03   2.3158272e-46
   3.4706678e+03   2.3258976e-46
   3.4785620e+03   2.3360138e-46
   3.4864743e+03   2.3461761e-46
   3.4944045e+03   2.3563848e-46
   3.5023528e+03   2.3666399e-46
   3.5103191e+03   2.3769418e-46
   3.5183036e+03   2.3872907e-46
   3.5263062e+03   2.3976867e-46
   3.5343270e+03   2.4081301e-46
   3.5423661e+03   2.4186211e-46
   3.5504235e+03   2.4291600e-46
   3.5584992e+03   2.4397468e-46
   3.5665932e+03   2.4503819e-46
   3.5747057e+03   2.4610655e-46
   3.5828366e+03   2.4717977e-46
   3.5909860e+03   2.4825789e-46
   3.5991539e+03   2.4934092e-46
   3.6073405e+03   2.5042889e-46
   3.6155456e+03   2.5152181e-46
   3.6237694e+03   2.5261972e-46
   3.6320120e+03   2.5372263e-46
   3.6402732e+03   2.5483056e-46
   3.6485533e+03   2.5594355e-46
   3.6568522e+03   2.5706160e-46
   3.6651699e+03   2.5818475e-46
   3.6735066e+03   2.5931302e-46
   3.6818623e+03   2.6044643e-46
   3.6902369e+03   2.6158501e-46
   3.6986306e+03   2.6272878e-46
   3.7070434e+03   2.6387776e-46
   3.7154753e+03   2.6503197e-46
   3.7239264e+03   2.6619144e-46
   3.7323968e+03   2.6735620e-46
   3.7408864e+03   2.6852627e-46
   3.7493953e+03   2.6970166e-46
   3.7579235e+03   2.7088242e-46
   3.7664712e+03   2.7206855e-46
   3.7750383e+03   2.7326009e-46
   3.7836249e+03   2.7445706e-46
   3.7922310e+03   2.7565949e-46
   3.8008567e+03   2.7686739e-46
   3.8095020e+03   2.7808080e-46
   3.8181670e+03   2.7929974e-46
   3.8268517e+03   2.8052423e-46
   3.8355561e+03   2.8175432e-46
   3.8442804e+03   2.8299086e-46
   3.8530244e+03   2.8423130e-46
   3.8617884e+03   2.8547825e-46
   3.8705723e+03   2.8673090e-46
   3.8793762e+03   2.8798925e-46
   3.8882001e+03   2.8925334e-46
   3.8970441e+03   2.9052319e-46
   3.9059082e+03   2.9179883e-46
   3.9147925e+03   2.9308028e-46
   3.9236969e+03   2.9436756e-46
   3.9326217e+03   2.9566072e-46
   3.9415667e+03   2.9695976e-46
   3.9505321e+03   2.9826473e-46
   3.9595178e+03   2.9957564e-46
   3.9685240e+03   3.0089252e-46
   3.9775507e+03   3.0221541e-46
   3.9865979e+03   3.0354432e-46
   3.9956657e+03   3.0487929e-46
   4.0047541e+03   3.0622034e-46
   4.0138632e+03   3.0756751e-46
   4.0229930e+03   3.0892081e-46
   4.0321436e+03   3.1028027e-46
   4.0413150e+03   3.1164593e-46
   4.0505073e+03   3.1301782e-46
   4.0597204e+03   3.1439595e-46
   4.0689545e+03   3.1578037e-46
   4.0782097e+03   3.1717109e-46
   4.0874858e+03   3.1856815e-46
   4.0967831e+03   3.1997158e-46
   4.1061015e+03   3.2138140e-46
   4.1154411e+03   3.2279764e-46
   4.1248020e+03   3.2422034e-46
   4.1341842e+03   3.2564952e-46
   4.1435876e+03   3.2708521e-46
   4.1530125e+03   3.2852744e-46
   4.1624588e+03   3.2997624e-46
   4.1719266e+03   3.3143165e-46
   4.1814160e+03   3.3289369e-46
   4.1909269e+03   3.3436238e-46
   4.2004595e+03   3.3583777e-46
   4.2100137e+03   3.3731989e-46
   4.2195897e+03   3.3880875e-46
   4.2291874e+03   3.4030440e-46
   4.2388070e+03   3.4180687e-46
   4.2484485e+03   3.4331617e-46
   4.2581119e+03   3.4483236e-46
   4.2677972e+03   3.4635545e-46
   4.2775046e+03   3.4788549e-46
   4.2872341e+03   3.4942249e-46
   4.2969857e+03   3.5096650e-46
   4.3067595e+03   3.5251755e-46
   4.3165555e+03   3.5407567e-46
   4.3263739e+03   3.5564096e-46
   4.3362145e+03   3.5721321e-46
   4.3460775e+03   3.5879271e-46
   4.3559630e+03   3.6037940e-46
   4.3658709e+03   3.6197333e-46
   4.3758014e+03   3.6357452e-46
   4.3857545e+03   3.6518301e-46
   4.3957302e+03   3.6679883e-46
   4.4057286e+03   3.6842200e-46
   4.4157497e+03   3.7005257e-46
   4.4257936e+03   3.7169057e-46
   4.4358604e+03   3.7333604e-46
   4.4459501e+03   3.7498900e-46
   4.4560627e+03   3.7664949e-46
   4.4661983e+03   3.7831755e-46
   4.4763570e+03   3.7999320e-46
   4.4865388e+03   3.8167649e-46
   4.4967437e+03   3.8336745e-46
   4.5069719e+03   3.8506612e-46
   4.5172233e+03   3.8677252e-46
   4.5274981e+03   3.8848670e-46
   4.5377962e+03   3.9020868e-46
   4.5481177e+03   3.9193851e-46
   4.5584627e+03   3.9367623e-46
   4.5688313e+03   3.9542186e-46
   4.5792234e+03   3.9717544e-46
   4.5896391e+03   3.9893701e-46
   4.6000786e+03   4.0070661e-46
   4.6105418e+03   4.0248427e-46
   4.6210288e+03   4.0427003e-46
   4.6315397e+03   4.0606392e-46
   4.6420744e+03   4.0786599e-46
   4.6526331e+03   4.0967626e-46
   4.6632159e+03   4.1149479e-46
   4.6738227e+03   4.1332159e-46
   4.6844536e+03   4.1515672e-46
   4.6951087e+03   4.1700022e-46
   4.7057881e+03   4.1885211e-46
   4.7164917e+03   4.2071243e-46
   4.7272197e+03   4.2258124e-46
   4.7379721e+03   4.2445855e-46
   4.7487490e+03   4.2634443e-46
   4.7595503e+03   4.2823888e-46
   4.7703763e+03   4.3014197e-46
   4.7812268e+03   4.3205373e-46
   4.7921020e+03   4.3397421e-46
   4.8030020e+03   4.3590418e-46
   4.8139268e+03   4.3784143e-46
   4.8248764e+03   4.3978827e-46
   4.8358509e+03   4.4174397e-46
   4.8468504e+03   4.4370859e-46
   4.8578749e+03   4.4568215e-46
   4.8689245e+03   4.4766471e-46
   4.8799992e+03   4.4965630e-46
   4.8910991e+03   4.5165696e-46
   4.9022242e+03   4.5366674e-46
   4.9133747e+03   4.5568567e-46
   4.9245505e+03   4.5771380e-46
   4.9357517e+03   4.5975117e-46
   4.9469784e+03   4.6179782e-46
   4.9582307e+03   4.6385379e-46
   4.9695085e+03   4.6591913e-46
   4.9808120e+03   4.6799388e-46
   4.9921412e+03   4.7007808e-46
   5.0034962e+03   4.7217177e-46
   5.0148770e+03   4.7427501e-46
   5.0262837e+03   4.7638782e-46
   5.0377163e+03   4.7851026e-46
   5.0491750e+03   4.8064237e-46
   5.0606597e+03   4.8278419e-46
   5.0721705e+03   4.8493577e-46
   5.0837075e+03   4.8709715e-46
   5.0952707e+03   4.8926837e-46
   5.1068603e+03   4.9144949e-46
   5.1184762e+03   4.9364054e-46
   5.1301185e+03   4.9584158e-46
   5.1417873e+03   4.9805264e-46
   5.1534827e+03   5.0027377e-46
   5.1652046e+03   5.0250502e-46
   5.1769533e+03   5.0474644e-46
   5.1887286e+03   5.0699807e-46
   5.2005307e+03   5.0925995e-46
   5.2123597e+03   5.1153214e-46
   5.2242156e+03   5.1381468e-46
   5.2360984e+03   5.1610761e-46
   5.2480083e+03   5.1841100e-46
   5.2599453e+03   5.2072487e-46
   5.2719094e+03   5.2304929e-46
   5.2839007e+03   5.2538756e-46
   5.2959193e+03   5.2772993e-46
   5.3079652e+03   5.3008626e-46
   5.3200386e+03   5.3245332e-46
   5.3321394e+03   5.3483116e-46
   5.3442677e+03   5.3721983e-46
   5.3564236e+03   5.3961939e-46
   5.3686072e+03   5.4202988e-46
   5.3808184e+03   5.4445134e-46
   5.3930575e+03   5.4688384e-46
   5.4053244e+03   5.4932742e-46
   5.4176192e+03   5.5178213e-46
   5.4299419e+03   5.5424802e-46
   5.4422927e+03   5.5672515e-46
   5.4546716e+03   5.5921356e-46
   5.4670786e+03   5.6171330e-46
   5.4795139e+03   5.6422443e-46
   5.4919774e+03   5.6674700e-46
   5.5044693e+03   5.6928106e-46
   5.5169896e+03   5.7182667e-46
   5.5295384e+03   5.7438387e-46
   5.5421157e+03   5.7695272e-46
   5.5547216e+03   5.7953327e-46
   5.5673562e+03   5.8212558e-46
   5.5800195e+03   5.8472969e-46
   5.5927117e+03   5.8734567e-46
   5.6054327e+03   5.8997356e-46
   5.6181827e+03   5.9261343e-46
   5.6309616e+03   5.9526532e-46
   5.6437696e+03   5.9792929e-46
   5.6566068e+03   6.0060539e-46
   5.6694731e+03   6.0329369e-46
   5.6823687e+03   6.0599423e-46
   5.6952937e+03   6.0870707e-46
   5.7082480e+03   6.1143227e-46
   5.7212318e+03   6.1416988e-46
   5.7342452e+03   6.1691996e-46
   5.7472881e+03   6.1968258e-46
   5.7603607e+03   6.2245779e-46
   5.7734631e+03   6.2524561e-46
   5.7865952e+03   6.2804614e-46
   5.7997572e+03   6.3085943e-46
   5.8129492e+03   6.3368554e-46
   5.8261711e+03   6.3652452e-46
   5.8394232e+03   6.3937643e-46
   5.8527053e+03   6.4224134e-46
   5.8660177e+03   6.4511929e-46
   5.8793604e+03   6.4801035e-46
   5.8927334e+03   6.5091459e-46
   5.9061368e+03   6.5383205e-46
   5.9195708e+03   6.5676280e-46
   5.9330352e+03   6.5970690e-46
   5.9465303e+03   6.6266441e-46
   5.9600561e+03   6.6563539e-46
   5.9736127e+03   6.6861991e-46
   5.9872001e+03   6.7161802e-46
   6.0008184e+03   6.7462979e-46
   6.0144677e+03   6.7765527e-46
   6.0281480e+03   6.8069454e-46
   6.0418595e+03   6.8374765e-46
   6.0556021e+03   6.8681467e-46
   6.0693760e+03   6.8989566e-46
   6.0831812e+03   6.9299068e-46
   6.0970178e+03   6.9609980e-46
   6.1108859e+03   6.9922309e-46
   6.1247855e+03   7.0236060e-46
   6.1387168e+03   7.0551240e-46
   6.1526797e+03   7.0867856e-46
   6.1666744e+03   7.1185914e-46
   6.1807010e+03   7.1505420e-46
   6.1947594e+03   7.1826383e-46
   6.2088498e+03   7.2148807e-46
   6.2229723e+03   7.2472700e-46
   6.2371269e+03   7.2798068e-46
   6.2513136e+03   7.3124918e-46
   6.2655327e+03   7.3453257e-46
   6.2797841e+03   7.3783091e-46
   6.2940679e+03   7.4114428e-46
   6.3083842e+03   7.4447274e-46
   6.3227331e+03   7.4781637e-46
   6.3371145e+03   7.5117522e-46
   6.3515288e+03   7.5454937e-46
   6.3659758e+03   7.5793889e-46
   6.3804556e+03   7.6134386e-46
   6.3949684e+03   7.6476433e-46
   6.4095142e+03   7.6820038e-46
   6.4240931e+03   7.7165208e-46
   6.4387051e+03   7.7511950e-46
   6.4533504e+03   7.7860272e-46
   6.4680290e+03   7.8210181e-46
   6.4827410e+03   7.8561683e-46
   6.4974865e+03   7.8914786e-46
   6.5122654e+03   7.9269498e-46
   6.5270780e+03   7.9625825e-46
   6.5419243e+03   7.9983775e-46
   6.5568044e+03   8.0343356e-46
   6.5717183e+03   8.0704575e-46
   6.5866661e+03   8.1067439e-46
   6.6016480e+03   8.1431956e-46
   6.6166639e+03   8.1798133e-46
   6.6317139e+03   8.2165978e-46
   6.6467982e+03   8.2535498e-46
   6.6619169e+03   8.2906702e-46
   6.6770698e+03   8.3279597e-46
   6.6922573e+03   8.3654190e-46
   6.7074793e+03   8.4030489e-46
   6.7227359e+03   8.4408505e-46
   6.7380273e+03   8.4788237e-46
   6.7533534e+03   8.5169702e-46
   6.7687144e+03   8.5552904e-46
   6.7841103e+03   8.5937852e-46
   6.7995412e+03   8.6324553e-46
   6.8150072e+03   8.6713015e-46
   6.8305085e+03   8.7103247e-46
   6.8460449e+03   8.7495256e-46
   6.8616167e+03   8.7889051e-46
   6.8772240e+03   8.8284639e-46
   6.8928667e+03   8.8682030e-46
   6.9085450e+03   8.9081230e-46
   6.9242590e+03   8.9482249e-46
   6.9400087e+03   8.9885094e-46
   6.9557942e+03   9.0289774e-46
   6.9716156e+03   9.0696298e-46
   6.9874731e+03   9.1104673e-46
   7.0033666e+03   9.1514908e-46
   7.0192962e+03   9.1927012e-46
   7.0352621e+03   9.2340992e-46
   7.0512643e+03   9.2756859e-46
   7.0673029e+03   9.3174619e-46
   7.0833779e+03   9.3594283e-46
   7.0994896e+03   9.4015858e-46
   7.1156379e+03   9.4439353e-46
   7.1318229e+03   9.4864777e-46
   7.1480447e+03   9.5292138e-46
   7.1643034e+03   9.5721447e-46
   7.1805992e+03   9.6152710e-46
   7.1969319e+03   9.6585939e-46
   7.2133019e+03   9.7021140e-46
   7.2297090e+03   9.7458323e-46
   7.2461535e+03   9.7897498e-46
   7.2626354e+03   9.8338673e-46
   7.2791547e+03   9.8781858e-46
   7.2957117e+03   9.9227061e-46
   7.3123063e+03   9.9674292e-46
   7.3289386e+03   1.0012356e-45
   7.3456088e+03   1.0057487e-45
   7.3623169e+03   1.0102824e-45
   7.3790630e+03   1.0148368e-45
   7.3958472e+03   1.0194119e-45
   7.4126696e+03   1.0240078e-45
   7.4295302e+03   1.0286247e-45
   7.4464292e+03   1.0332626e-45
   7.4633666e+03   1.0379216e-45
   7.4803426e+03   1.0426018e-45
   7.4973572e+03   1.0473034e-45
   7.5144104e+03   1.0520264e-45
   7.5315025e+03   1.0567709e-45
   7.5486334e+03   1.0615369e-45
   7.5658033e+03   1.0663248e-45
   7.5830122e+03   1.0711344e-45
   7.6002603e+03   1.0759659e-45
   7.6175476e+03   1.0808194e-45
   7.6348743e+03   1.0856950e-45
   7.6522403e+03   1.0905929e-45
   7.6696459e+03   1.0955130e-45
   7.6870910e+03   1.1004557e-45
   7.7045759e+03   1.1054206e-45
   7.7221005e+03   1.1104083e-45
   7.7396649e+03   1.1154187e-45
   7.7572693e+03   1.1204519e-45
   7.7749138e+03   1.1255081e-45
   7.7925984e+03   1.1305872e-45
   7.8103232e+03   1.1356895e-45
   7.8280883e+03   1.1408151e-45
   7.8458938e+03   1.1459640e-45
   7.8637399e+03   1.1511363e-45
   7.8816265e+03   1.1563322e-45
   7.8995538e+03   1.1615518e-45
   7.9175219e+03   1.1667951e-45
   7.9355308e+03   1.1720624e-45
   7.9535808e+03   1.1773536e-45
   7.9716717e+03   1.1826689e-45
   7.9898039e+03   1.1880084e-45
   8.0079772e+03   1.1933723e-45
   8.0261919e+03   1.1987605e-45
   8.0444481e+03   1.2041733e-45
   8.0627457e+03   1.2096108e-45
   8.0810850e+03   1.2150731e-45
   8.0994660e+03   1.2205602e-45
   8.1178888e+03   1.2260723e-45
   8.1363535e+03   1.2316095e-45
   8.1548602e+03   1.2371719e-45
   8.1734090e+03   1.2427597e-45
   8.1920000e+03   1.2483729e-45
