1.000000000000000021e-03 8.849999999999997205e-19
2.000000000000000000e+00 8.849999999999997205e-19
4.000000000000000000e+00 8.849999999999997205e-19
6.000000000000000000e+00 8.849999999999997205e-19
8.000000000000000000e+00 8.849999999999997205e-19
1.000000000000000000e+01 8.849999999999997205e-19
1.200000000000000000e+01 8.849999999999997205e-19
1.400000000000000000e+01 8.849999999999997205e-19
1.600000000000000000e+01 8.849999999999997205e-19
1.800000000000000000e+01 8.849999999999997205e-19
2.010000000000000142e+01 8.849999999999997205e-19
2.050000000000000000e+01 6.839999999999999811e-19
2.089999999999999858e+01 5.280000000000000023e-19
2.130000000000000071e+01 4.079999999999999186e-19
2.169999999999999929e+01 3.149999999999999609e-19
2.210000000000000142e+01 2.439999999999999631e-19
2.250000000000000000e+01 1.880000000000000059e-19
2.289999999999999858e+01 1.449999999999999988e-19
2.330000000000000071e+01 1.120000000000000107e-19
2.380000000000000071e+01 8.689999999999999597e-20
2.419999999999999929e+01 6.710000000000001274e-20
2.469999999999999929e+01 5.189999999999999563e-20
2.510000000000000142e+01 4.010000000000000113e-20
2.560000000000000142e+01 3.099999999999999995e-20
2.610000000000000142e+01 2.389999999999999898e-20
2.650000000000000000e+01 1.850000000000000026e-20
2.700000000000000000e+01 1.430000000000000227e-20
2.750000000000000000e+01 1.099999999999999955e-20
2.810000000000000142e+01 8.540000000000000335e-21
2.860000000000000142e+01 6.600000000000000180e-21
2.910000000000000142e+01 5.109999999999999165e-21
2.960000000000000142e+01 3.959999999999999355e-21
3.019999999999999929e+01 3.069999999999999827e-21
3.080000000000000071e+01 2.379999999999999791e-21
3.130000000000000071e+01 1.850000000000000478e-21
3.189999999999999858e+01 1.449999999999999800e-21
3.250000000000000000e+01 1.140000000000000117e-21
3.310000000000000142e+01 9.010000000000002246e-22
3.370000000000000284e+01 7.220000000000000863e-22
3.439999999999999858e+01 5.879999999999999750e-22
3.500000000000000000e+01 4.880000000000000406e-22
3.560000000000000142e+01 4.149999999999999814e-22
3.629999999999999716e+01 3.609999999999999491e-22
3.700000000000000000e+01 3.219999999999999729e-22
3.770000000000000284e+01 2.919999999999999549e-22
3.839999999999999858e+01 2.699999999999999732e-22
3.910000000000000142e+01 2.530000000000000257e-22
3.979999999999999716e+01 2.399999999999999552e-22
4.060000000000000142e+01 2.279999999999999481e-22
4.129999999999999716e+01 2.179999999999999734e-22
4.210000000000000142e+01 2.089999999999999681e-22
4.289999999999999858e+01 2.010000000000000025e-22
4.370000000000000284e+01 1.929999999999999899e-22
4.450000000000000000e+01 1.859999999999999935e-22
4.529999999999999716e+01 1.789999999999999972e-22
4.610000000000000142e+01 1.720000000000000008e-22
4.700000000000000000e+01 1.659999999999999973e-22
4.789999999999999858e+01 1.600000000000000172e-22
4.879999999999999716e+01 1.540000000000000136e-22
4.970000000000000284e+01 1.490000000000000028e-22
5.060000000000000142e+01 1.430000000000000227e-22
5.150000000000000000e+01 1.379999999999999884e-22
5.250000000000000000e+01 1.330000000000000011e-22
5.350000000000000000e+01 1.279999999999999902e-22
5.450000000000000000e+01 1.240000000000000192e-22
5.550000000000000000e+01 1.190000000000000084e-22
5.650000000000000000e+01 1.149999999999999903e-22
5.750000000000000000e+01 1.109999999999999958e-22
5.860000000000000142e+01 1.070000000000000012e-22
5.970000000000000284e+01 1.029999999999999831e-22
6.079999999999999716e+01 9.929999999999998407e-23
6.189999999999999858e+01 9.570000000000001483e-23
6.310000000000000142e+01 9.229999999999999948e-23
6.429999999999999716e+01 8.899999999999999045e-23
6.550000000000000000e+01 8.579999999999999951e-23
6.670000000000000284e+01 8.270000000000000315e-23
6.790000000000000568e+01 7.980000000000000769e-23
6.920000000000000284e+01 7.699999999999999504e-23
7.050000000000000000e+01 7.420000000000000591e-23
7.179999999999999716e+01 7.160000000000000592e-23
7.309999999999999432e+01 6.910000000000000051e-23
7.450000000000000000e+01 6.670000000000000143e-23
7.590000000000000568e+01 6.429999999999999059e-23
7.729999999999999716e+01 6.210000000000000417e-23
7.870000000000000284e+01 5.990000000000000599e-23
8.020000000000000284e+01 5.780000000000000239e-23
8.170000000000000284e+01 5.579999999999999335e-23
8.320000000000000284e+01 5.389999999999999065e-23
8.470000000000000284e+01 5.210000000000000603e-23
8.629999999999999716e+01 5.029999999999999791e-23
8.790000000000000568e+01 4.860000000000000199e-23
8.950000000000000000e+01 4.700000000000000652e-23
9.120000000000000284e+01 4.549999999999999387e-23
9.290000000000000568e+01 4.400000000000000472e-23
9.459999999999999432e+01 4.259999999999999840e-23
9.640000000000000568e+01 4.119999999999999796e-23
9.820000000000000284e+01 3.989999999999999797e-23
1.000000000000000000e+02 3.869999999999999842e-23
1.020000000000000000e+02 3.750000000000000476e-23
1.040000000000000000e+02 3.639999999999999979e-23
1.060000000000000000e+02 3.539999999999999528e-23
1.080000000000000000e+02 3.439999999999999664e-23
1.100000000000000000e+02 3.339999999999999800e-23
1.120000000000000000e+02 3.249999999999999982e-23
1.140000000000000000e+02 3.169999999999999620e-23
1.160000000000000000e+02 3.090000000000000435e-23
1.180000000000000000e+02 3.019999999999999531e-23
1.200000000000000000e+02 2.950000000000000390e-23
1.220000000000000000e+02 2.890000000000000119e-23
1.250000000000000000e+02 2.829999999999999848e-23
1.270000000000000000e+02 2.779999999999999623e-23
1.290000000000000000e+02 2.729999999999999985e-23
1.320000000000000000e+02 2.679999999999999759e-23
1.340000000000000000e+02 2.640000000000000460e-23
1.370000000000000000e+02 2.609999999999999737e-23
1.390000000000000000e+02 2.579999999999999601e-23
1.420000000000000000e+02 2.549999999999999760e-23
1.450000000000000000e+02 2.529999999999999669e-23
1.470000000000000000e+02 2.510000000000000167e-23
1.500000000000000000e+02 2.489999999999999782e-23
1.530000000000000000e+02 2.480000000000000325e-23
1.560000000000000000e+02 2.480000000000000325e-23
1.580000000000000000e+02 2.470000000000000280e-23
1.610000000000000000e+02 2.470000000000000280e-23
1.640000000000000000e+02 2.470000000000000280e-23
1.670000000000000000e+02 2.480000000000000325e-23
1.710000000000000000e+02 2.489999999999999782e-23
1.740000000000000000e+02 2.499999999999999828e-23
1.770000000000000000e+02 2.520000000000000212e-23
1.800000000000000000e+02 2.540000000000000302e-23
1.840000000000000000e+02 2.559999999999999805e-23
1.870000000000000000e+02 2.579999999999999601e-23
1.910000000000000000e+02 2.600000000000000279e-23
1.940000000000000000e+02 2.629999999999999827e-23
1.980000000000000000e+02 2.660000000000000256e-23
2.010000000000000000e+02 2.689999999999999804e-23
2.050000000000000000e+02 2.729999999999999985e-23
2.090000000000000000e+02 2.760000000000000120e-23
2.130000000000000000e+02 2.799999999999999713e-23
2.170000000000000000e+02 2.839999999999999894e-23
2.210000000000000000e+02 2.880000000000000074e-23
2.250000000000000000e+02 2.919999999999999667e-23
2.290000000000000000e+02 2.969999999999999893e-23
2.330000000000000000e+02 3.019999999999999531e-23
2.380000000000000000e+02 3.059999999999999711e-23
2.420000000000000000e+02 3.109999999999999937e-23
2.470000000000000000e+02 3.159999999999999575e-23
2.510000000000000000e+02 3.219999999999999846e-23
2.560000000000000000e+02 3.270000000000000072e-23
2.610000000000000000e+02 3.330000000000000343e-23
2.650000000000000000e+02 3.379999999999999981e-23
2.700000000000000000e+02 3.439999999999999664e-23
2.750000000000000000e+02 3.500000000000000523e-23
2.810000000000000000e+02 3.569999999999999663e-23
2.860000000000000000e+02 3.629999999999999934e-23
2.910000000000000000e+02 3.689999999999999617e-23
2.960000000000000000e+02 3.760000000000000521e-23
3.020000000000000000e+02 3.829999999999999662e-23
3.080000000000000000e+02 3.899999999999999978e-23
3.130000000000000000e+02 3.969999999999999706e-23
3.190000000000000000e+02 4.040000000000000022e-23
3.250000000000000000e+02 4.109999999999999751e-23
3.310000000000000000e+02 4.190000000000000112e-23
3.370000000000000000e+02 4.259999999999999840e-23
3.440000000000000000e+02 4.339999999999999614e-23
3.500000000000000000e+02 4.419999999999999975e-23
3.560000000000000000e+02 4.500000000000000336e-23
3.630000000000000000e+02 4.580000000000000697e-23
3.700000000000000000e+02 4.670000000000000516e-23
3.770000000000000000e+02 4.749999999999999702e-23
3.840000000000000000e+02 4.840000000000000696e-23
3.910000000000000000e+02 4.930000000000000515e-23
3.980000000000000000e+02 5.019999999999999746e-23
4.060000000000000000e+02 5.109999999999999564e-23
4.130000000000000000e+02 5.210000000000000603e-23
4.210000000000000000e+02 5.310000000000001055e-23
4.290000000000000000e+02 5.399999999999999698e-23
4.370000000000000000e+02 5.499999999999998974e-23
4.450000000000000000e+02 5.610000000000001234e-23
4.530000000000000000e+02 5.710000000000000510e-23
4.610000000000000000e+02 5.819999999999999244e-23
4.700000000000000000e+02 5.919999999999998520e-23
4.790000000000000000e+02 6.030000000000000780e-23
4.880000000000000000e+02 6.139999999999999513e-23
4.970000000000000000e+02 6.260000000000001231e-23
5.060000000000000000e+02 6.369999999999999964e-23
5.150000000000000000e+02 6.490000000000001681e-23
5.250000000000000000e+02 6.609999999999999872e-23
5.350000000000000000e+02 6.740000000000001047e-23
5.450000000000000000e+02 6.860000000000000413e-23
5.550000000000000000e+02 6.990000000000000413e-23
5.650000000000000000e+02 7.119999999999999236e-23
5.750000000000000000e+02 7.249999999999999236e-23
5.860000000000000000e+02 7.389999999999998692e-23
5.970000000000000000e+02 7.519999999999998692e-23
6.080000000000000000e+02 7.659999999999999324e-23
6.190000000000000000e+02 7.809999999999998238e-23
6.310000000000000000e+02 7.949999999999998870e-23
6.430000000000000000e+02 8.099999999999998960e-23
6.550000000000000000e+02 8.249999999999999049e-23
6.670000000000000000e+02 8.399999999999999139e-23
6.790000000000000000e+02 8.559999999999998686e-23
6.920000000000000000e+02 8.719999999999999408e-23
7.050000000000000000e+02 8.880000000000000131e-23
7.180000000000000000e+02 9.039999999999998502e-23
7.310000000000000000e+02 9.209999999999999857e-23
7.450000000000000000e+02 9.380000000000001213e-23
7.590000000000000000e+02 9.560000000000000850e-23
7.730000000000000000e+02 9.739999999999999312e-23
7.870000000000000000e+02 9.920000000000001300e-23
8.020000000000000000e+02 1.009999999999999976e-22
8.170000000000000000e+02 1.029999999999999831e-22
8.320000000000000000e+02 1.049999999999999922e-22
8.470000000000000000e+02 1.070000000000000012e-22
8.630000000000000000e+02 1.090000000000000102e-22
8.790000000000000000e+02 1.109999999999999958e-22
8.950000000000000000e+02 1.129999999999999813e-22
9.120000000000000000e+02 1.149999999999999903e-22
9.290000000000000000e+02 1.169999999999999993e-22
9.460000000000000000e+02 1.190000000000000084e-22
9.640000000000000000e+02 1.209999999999999704e-22
9.820000000000000000e+02 1.240000000000000192e-22
1.000000000000000000e+03 1.259999999999999812e-22
1.020000000000000000e+03 1.279999999999999902e-22
1.040000000000000000e+03 1.309999999999999920e-22
1.060000000000000000e+03 1.330000000000000011e-22
1.080000000000000000e+03 1.360000000000000028e-22
1.100000000000000000e+03 1.379999999999999884e-22
1.120000000000000000e+03 1.410000000000000137e-22
1.140000000000000000e+03 1.430000000000000227e-22
1.160000000000000000e+03 1.460000000000000010e-22
1.180000000000000000e+03 1.490000000000000028e-22
1.200000000000000000e+03 1.509999999999999883e-22
1.220000000000000000e+03 1.540000000000000136e-22
1.250000000000000000e+03 1.569999999999999919e-22
1.270000000000000000e+03 1.600000000000000172e-22
1.290000000000000000e+03 1.629999999999999955e-22
1.320000000000000000e+03 1.659999999999999973e-22
1.340000000000000000e+03 1.689999999999999990e-22
1.370000000000000000e+03 1.720000000000000008e-22
1.390000000000000000e+03 1.760000000000000189e-22
1.420000000000000000e+03 1.789999999999999972e-22
1.450000000000000000e+03 1.819999999999999755e-22
1.470000000000000000e+03 1.859999999999999935e-22
1.500000000000000000e+03 1.889999999999999953e-22
1.530000000000000000e+03 1.919999999999999736e-22
1.560000000000000000e+03 1.960000000000000152e-22
1.580000000000000000e+03 1.999999999999999862e-22
1.610000000000000000e+03 2.029999999999999880e-22
1.640000000000000000e+03 2.070000000000000061e-22
1.670000000000000000e+03 2.109999999999999771e-22
1.710000000000000000e+03 2.149999999999999717e-22
1.740000000000000000e+03 2.190000000000000367e-22
1.770000000000000000e+03 2.230000000000000548e-22
1.800000000000000000e+03 2.269999999999999788e-22
1.840000000000000000e+03 2.310000000000000439e-22
1.870000000000000000e+03 2.359999999999999842e-22
1.910000000000000000e+03 2.399999999999999552e-22
1.940000000000000000e+03 2.449999999999999896e-22
1.980000000000000000e+03 2.490000000000000547e-22
2.010000000000000000e+03 2.540000000000000420e-22
2.050000000000000000e+03 2.580000000000000600e-22
2.090000000000000000e+03 2.629999999999999533e-22
2.130000000000000000e+03 2.679999999999999406e-22
2.170000000000000000e+03 2.729999999999999749e-22
2.210000000000000000e+03 2.779999999999999623e-22
2.250000000000000000e+03 2.829999999999999966e-22
2.290000000000000000e+03 2.890000000000000002e-22
2.330000000000000000e+03 2.939999999999999875e-22
2.380000000000000000e+03 2.990000000000000688e-22
2.420000000000000000e+03 3.050000000000000254e-22
2.470000000000000000e+03 3.110000000000000290e-22
2.510000000000000000e+03 3.160000000000000163e-22
2.560000000000000000e+03 3.219999999999999729e-22
2.610000000000000000e+03 3.279999999999999764e-22
2.650000000000000000e+03 3.339999999999999800e-22
2.700000000000000000e+03 3.409999999999999529e-22
2.750000000000000000e+03 3.470000000000000035e-22
2.810000000000000000e+03 3.529999999999999600e-22
2.860000000000000000e+03 3.600000000000000269e-22
2.910000000000000000e+03 3.670000000000000468e-22
2.960000000000000000e+03 3.739999999999999726e-22
3.020000000000000000e+03 3.809999999999999924e-22
3.080000000000000000e+03 3.880000000000000123e-22
3.130000000000000000e+03 3.950000000000000791e-22
3.190000000000000000e+03 4.020000000000000050e-22
3.250000000000000000e+03 4.100000000000000411e-22
3.310000000000000000e+03 4.169999999999999669e-22
3.370000000000000000e+03 4.250000000000000030e-22
3.440000000000000000e+03 4.329999999999999451e-22
3.500000000000000000e+03 4.409999999999999812e-22
3.560000000000000000e+03 4.489999999999999233e-22
3.630000000000000000e+03 4.569999999999999594e-22
3.700000000000000000e+03 4.659999999999999648e-22
3.770000000000000000e+03 4.749999999999999702e-22
3.840000000000000000e+03 4.829999999999999123e-22
3.910000000000000000e+03 4.920000000000000117e-22
3.980000000000000000e+03 5.019999999999999863e-22
4.060000000000000000e+03 5.110000000000000857e-22
4.130000000000000000e+03 5.199999999999999971e-22
4.210000000000000000e+03 5.299999999999999717e-22
4.290000000000000000e+03 5.400000000000000403e-22
4.370000000000000000e+03 5.500000000000000150e-22
4.450000000000000000e+03 5.600000000000000836e-22
4.530000000000000000e+03 5.710000000000000275e-22
4.610000000000000000e+03 5.810000000000000021e-22
4.700000000000000000e+03 5.919999999999999460e-22
4.790000000000000000e+03 6.030000000000000780e-22
4.880000000000000000e+03 6.140000000000000218e-22
4.970000000000000000e+03 6.260000000000000290e-22
5.060000000000000000e+03 6.370000000000000669e-22
5.150000000000000000e+03 6.490000000000000741e-22
5.250000000000000000e+03 6.609999999999999872e-22
5.350000000000000000e+03 6.740000000000000577e-22
5.450000000000000000e+03 6.859999999999999708e-22
5.550000000000000000e+03 6.989999999999999472e-22
5.650000000000000000e+03 7.120000000000000177e-22
5.750000000000000000e+03 7.249999999999999941e-22
5.860000000000000000e+03 7.389999999999999398e-22
5.970000000000000000e+03 7.520000000000001043e-22
6.080000000000000000e+03 7.660000000000000499e-22
6.190000000000000000e+03 7.800000000000000896e-22
6.310000000000000000e+03 7.949999999999999105e-22
6.430000000000000000e+03 8.100000000000000135e-22
6.550000000000000000e+03 8.250000000000000225e-22
6.670000000000000000e+03 8.400000000000000314e-22
6.790000000000000000e+03 8.560000000000000096e-22
6.920000000000000000e+03 8.719999999999998938e-22
7.050000000000000000e+03 8.879999999999999660e-22
7.180000000000000000e+03 9.040000000000000383e-22
7.310000000000000000e+03 9.209999999999999857e-22
7.450000000000000000e+03 9.380000000000001213e-22
7.590000000000000000e+03 9.560000000000001320e-22
7.730000000000000000e+03 9.739999999999999547e-22
7.870000000000000000e+03 9.920000000000001535e-22
8.020000000000000000e+03 1.009999999999999976e-21
8.170000000000000000e+03 1.029999999999999925e-21
8.320000000000000000e+03 1.049999999999999875e-21
8.470000000000000000e+03 1.070000000000000200e-21
8.630000000000000000e+03 1.089999999999999961e-21
8.790000000000000000e+03 1.110000000000000099e-21
8.950000000000000000e+03 1.129999999999999860e-21
9.120000000000000000e+03 1.149999999999999997e-21
9.290000000000000000e+03 1.169999999999999946e-21
9.460000000000000000e+03 1.190000000000000272e-21
9.640000000000000000e+03 1.209999999999999845e-21
9.820000000000000000e+03 1.239999999999999863e-21
