1.000000000000000000e+01 6.048941239078036013e-35
1.023292992280754099e+01 4.153775780096340908e-35
1.047128548050899610e+01 2.853289593647398265e-35
1.071519305237606545e+01 1.960563354443842093e-35
1.096478196143185180e+01 1.347540155770071600e-35
1.122018454301963608e+01 9.264509280711276957e-36
1.148153621496882870e+01 6.371146059967159079e-36
1.174897554939529698e+01 4.382503178011680832e-36
1.202264434617413080e+01 3.015311230684630013e-36
1.230268770812381796e+01 2.075121998729634602e-36
1.258925411794167459e+01 1.428413161298781588e-36
1.288249551693134265e+01 9.834693953106868553e-37
1.318256738556407370e+01 6.772732294485579153e-37
1.348962882591653312e+01 4.665130484214341042e-37
1.380384264602885303e+01 3.214128926361438189e-37
1.412537544622754027e+01 2.214970467055910852e-37
1.445439770745927177e+01 1.526817528865739781e-37
1.479108388168207178e+01 1.052775749920382703e-37
1.513561248436207940e+01 7.261685650618558604e-38
1.548816618912481147e+01 5.011040496092720939e-38
1.584893192461113287e+01 3.459900488156775919e-38
1.621810097358929781e+01 2.390751064546672736e-38
1.659586907437560654e+01 1.653818600062500737e-38
1.698243652461744446e+01 1.145980915813567910e-38
1.737800828749375270e+01 7.962718517315922990e-39
1.778279410038922848e+01 5.559436352157765499e-39
1.819700858609983385e+01 3.917292797288756098e-39
1.862087136662867692e+01 2.815289297229600658e-39
1.905460717963247319e+01 2.127562512591767037e-39
1.949844599758045405e+01 1.893262669580406706e-39
1.995262314968879735e+01 3.680441715383968116e-39
2.041737944669529625e+01 1.405944293295090765e-38
2.089296130854039646e+01 8.653239012024473331e-40
2.137962089502232388e+01 3.797190976760444367e-40
2.187761623949553069e+01 2.253272019346424159e-40
2.238721138568340052e+01 1.454194425496695613e-40
2.290867652767772356e+01 9.684052638803447899e-41
2.344228815319922532e+01 6.541208057234662212e-41
2.398832919019490006e+01 4.450821322807878979e-41
2.454708915685031201e+01 3.041069375917211603e-41
2.511886431509579509e+01 2.083103273249543411e-41
2.570395782768864734e+01 1.429231630616950455e-41
2.630267991895381385e+01 9.816851914940062733e-42
2.691534803926915487e+01 6.748068861473486948e-42
2.754228703338166184e+01 4.641275840180466967e-42
2.818382931264453362e+01 3.193690281848325882e-42
2.884031503126605855e+01 2.198448647606959360e-42
2.951209226666385632e+01 1.513898403134734698e-42
3.019951720402016093e+01 1.042889949174386213e-42
3.090295432513590512e+01 7.187225042765157339e-43
3.162277660168379256e+01 4.955652762789915879e-43
3.235936569296282528e+01 3.419099122649181524e-43
3.311311214825911264e+01 2.360859171155366605e-43
3.388441561392025392e+01 1.631846433889986391e-43
3.467368504525316553e+01 1.129472485239078607e-43
3.548133892335754780e+01 7.831343524061071133e-44
3.630780547701014171e+01 5.442368784290429687e-44
3.715352290971726035e+01 3.793301555011102211e-44
3.801893963205612437e+01 2.653880908645957138e-44
3.890451449942804629e+01 1.865593798866368832e-44
3.981071705534973404e+01 1.319313793437181052e-44
4.073802778041125805e+01 9.399095752395455516e-45
4.168693834703355350e+01 6.756502336954736755e-45
4.265795188015925277e+01 4.909122621808160999e-45
4.365158322401661195e+01 3.611593530943542959e-45
4.466835921509630225e+01 2.694867848298599018e-45
4.570881896148751622e+01 2.042428823776094380e-45
4.677351412871981040e+01 1.573919282516322833e-45
4.786300923226384896e+01 1.233874623798373381e-45
4.897788193684461078e+01 9.839689547753933874e-46
5.011872336272725192e+01 7.976792221501607802e-46
5.128613839913648320e+01 6.566134432381910509e-46
5.248074602497725749e+01 5.479840833830459902e-46
5.370317963702527209e+01 4.628693840202587522e-46
5.495408738576245611e+01 3.950168080555125236e-46
5.623413251903490817e+01 3.400194315284801196e-46
5.754399373371569482e+01 2.947488804343228657e-46
5.888436553555889930e+01 2.569647314592128861e-46
6.025595860743577958e+01 2.250452901944505651e-46
6.165950018614822170e+01 1.978018591255552115e-46
6.309573444801932851e+01 1.743504402580013184e-46
6.456542290346556001e+01 1.540229566482212736e-46
6.606934480075960892e+01 1.363056751259988602e-46
6.760829753919819041e+01 1.207963619621354927e-46
6.918309709189362877e+01 1.071743498527439637e-46
7.079457843841380793e+01 9.517951389832684191e-47
7.244359600749898220e+01 8.459740465531866313e-47
7.413102413009177383e+01 7.524864559990677216e-47
7.585775750291836061e+01 6.698129274608256710e-47
7.762471166286920266e+01 5.966525979183336777e-47
7.943282347242814012e+01 5.318819084578570616e-47
8.128305161640994925e+01 4.745235425453405724e-47
8.317637711026708303e+01 4.237226262201215723e-47
8.511380382023767766e+01 3.787281455267377125e-47
8.709635899560805683e+01 3.388781585105973596e-47
8.912509381337459047e+01 3.035878072393781417e-47
9.120108393559097237e+01 2.723394303568754015e-47
9.332543007969910320e+01 2.446742803474145485e-47
9.549925860214358408e+01 2.201854906161853492e-47
9.772372209558106704e+01 1.985120353172510690e-47
1.000000000000000000e+02 1.793334930608700578e-47
1.023292992280753566e+02 1.623654734480934949e-47
1.047128548050899610e+02 1.473555991532406380e-47
1.071519305237606972e+02 1.340799603532154464e-47
1.096478196143185073e+02 1.223399756708253106e-47
1.122018454301963004e+02 1.119596065071551533e-47
1.148153621496882835e+02 1.027828810937276654e-47
1.174897554939530266e+02 9.467169176874985742e-48
1.202264434617413116e+02 8.750383454242679416e-48
1.230268770812381121e+02 8.117126442835195346e-48
1.258925411794167530e+02 7.557854360539317251e-48
1.288249551693134833e+02 7.064146246611845477e-48
1.318256738556407299e+02 6.628581616880381288e-48
1.348962882591653170e+02 6.244632156318710469e-48
1.380384264602885196e+02 5.906566140239313398e-48
1.412537544622755377e+02 5.609364466745929675e-48
1.445439770745927888e+02 5.348647369588181668e-48
1.479108388168207284e+02 5.120611070684492054e-48
1.513561248436207052e+02 4.921973835665428221e-48
1.548816618912481147e+02 4.749931127477491648e-48
1.584893192461114211e+02 4.602119831578712731e-48
1.621810097358929852e+02 4.476591879773057134e-48
1.659586907437559660e+02 4.371798071101719255e-48
1.698243652461744375e+02 4.286583544174955734e-48
1.737800828749376194e+02 4.220197302345772919e-48
1.778279410038922776e+02 4.172319604949210562e-48
1.819700858609982674e+02 4.143113204845377408e-48
1.862087136662867408e+02 4.133307832331316084e-48
1.905460717963248385e+02 4.144332874389162351e-48
1.949844599758045547e+02 4.178522465955330282e-48
1.995262314968878741e+02 4.239433177488698652e-48
2.041737944669529554e+02 4.332342951022558163e-48
2.089296130854040712e+02 4.465052671162204568e-48
2.137962089502232459e+02 4.649213782609884587e-48
2.187761623949551790e+02 4.902612880348194089e-48
2.238721138568340052e+02 5.253291651913184571e-48
2.290867652767774700e+02 5.747414518973315569e-48
2.344228815319922603e+02 6.465393922790452902e-48
2.398832919019489793e+02 7.558019604483520392e-48
2.454708915685031059e+02 9.337336840508468424e-48
2.511886431509582280e+02 1.254412122094526443e-47
2.570395782768864592e+02 1.933690881224419001e-47
2.630267991895381670e+02 3.859819058054383010e-47
2.691534803926913924e+02 1.483776954070335690e-46
2.754228703338166042e+02 1.297109530185612586e-44
2.818382931264454783e+02 8.390581808981042904e-47
2.884031503126605571e+02 2.180136801867883789e-47
2.951209226666384211e+02 9.938075022895172848e-48
3.019951720402016235e+02 5.895328283064534190e-48
3.090295432513592004e+02 4.103637368242154848e-48
3.162277660168379612e+02 3.178684984653264729e-48
3.235936569296280823e+02 2.650735241024254012e-48
3.311311214825910838e+02 2.327044260923566572e-48
3.388441561392027666e+02 2.117602864708047518e-48
3.467368504525316553e+02 1.976230199775517801e-48
3.548133892335753217e+02 1.877475482740890113e-48
3.630780547701014029e+02 1.806504970293679769e-48
3.715352290971727598e+02 1.754279535661948224e-48
3.801893963205612863e+02 1.715093434053622087e-48
3.890451449942804629e+02 1.685247578847526884e-48
3.981071705534973262e+02 1.662302900584601823e-48
4.073802778041130068e+02 1.644647447526556320e-48
4.168693834703354923e+02 1.631243552540538613e-48
4.265795188015925419e+02 1.621487280763026467e-48
4.365158322401661053e+02 1.615149211442456257e-48
4.466835921509634773e+02 1.612392346543498412e-48
4.570881896148752048e+02 1.613894340250159445e-48
4.677351412871981324e+02 1.621161254399203532e-48
4.786300923226380064e+02 1.637273602382105908e-48
4.897788193684461362e+02 1.668778053418562733e-48
5.011872336272724624e+02 1.731185163329241309e-48
5.128613839913648462e+02 1.868758770862704692e-48
5.248074602497722481e+02 2.255591820088743928e-48
5.370317963702526640e+02 4.247071819786343424e-48
5.495408738576247742e+02 2.342486032109422942e-44
5.623413251903490391e+02 3.783905230129780052e-48
5.754399373371566071e+02 1.961933083294397549e-48
5.888436553555890214e+02 1.643167435773172819e-48
6.025595860743580943e+02 1.534319162627975885e-48
6.165950018614821602e+02 1.483342985090900767e-48
6.309573444801930009e+02 1.454117440102410298e-48
6.456542290346556001e+02 1.434717175966240836e-48
6.606934480075964302e+02 1.420366481579436734e-48
6.760829753919819041e+02 1.408919928904793307e-48
6.918309709189362593e+02 1.399384726225041789e-48
7.079457843841380509e+02 1.391393668717799514e-48
7.244359600749905894e+02 1.385078847434592249e-48
7.413102413009177099e+02 1.381280991480032528e-48
7.585775750291835493e+02 1.382510475865435590e-48
7.762471166286919697e+02 1.397029215809837332e-48
7.943282347242821970e+02 1.464679039551512310e-48
8.128305161640995493e+02 2.142083719517800318e-48
8.317637711026708303e+02 3.237664053353134375e-48
8.511380382023759239e+02 1.431075417580689465e-48
8.709635899560805683e+02 1.329699587680948433e-48
8.912509381337458763e+02 1.297793596962644027e-48
9.120108393559096385e+02 1.279467340515939762e-48
9.332543007969904920e+02 1.265388983709203525e-48
9.549925860214359545e+02 1.253046672275997129e-48
9.772372209558111535e+02 1.241667080801704842e-48
1.000000000000000000e+03 1.231220952373704451e-48
1.023292992280754675e+03 1.222535492428200679e-48
1.047128548050899553e+03 1.219317761941117503e-48
1.071519305237607114e+03 1.248008148099514648e-48
1.096478196143185187e+03 6.366891971925075519e-48
1.122018454301962947e+03 1.235193136554345471e-48
1.148153621496882806e+03 1.164046645501598076e-48
1.174897554939529073e+03 1.142337798954524528e-48
1.202264434617413144e+03 1.126619183049723156e-48
1.230268770812381035e+03 1.112497295979350422e-48
1.258925411794167530e+03 1.099147118340184004e-48
1.288249551693133526e+03 1.086742098375698465e-48
1.318256738556407527e+03 1.077178402273081361e-48
1.348962882591653170e+03 1.090361850464009797e-48
1.380384264602885196e+03 1.534080088154876320e-48
1.412537544622754012e+03 1.040241668110456555e-48
1.445439770745927945e+03 1.018523000713579311e-48
1.479108388168207284e+03 1.004012295430326441e-48
1.513561248436208643e+03 9.911594535791363626e-49
1.548816618912481090e+03 9.794516777974272137e-49
1.584893192461114040e+03 9.696930946285876612e-49
1.621810097358929852e+03 9.721556515533584638e-49
1.659586907437561422e+03 1.037748362965110558e-48
1.698243652461744205e+03 9.404467783065629410e-49
1.737800828749376251e+03 9.301411595471909650e-49
1.778279410038922833e+03 9.235008698583933430e-49
1.819700858609984380e+03 9.191212085858816095e-49
1.862087136662867579e+03 9.177255076206495257e-49
1.905460717963248271e+03 9.367789966143051381e-49
1.949844599758045433e+03 9.258970909398525354e-49
1.995262314968880901e+03 9.231203368897464075e-49
2.041737944669529497e+03 9.307936273122244309e-49
2.089296130854038893e+03 9.428442161485405664e-49
2.137962089502232629e+03 9.599428773708138067e-49
2.187761623949551904e+03 1.019670736702585807e-48
2.238721138568339939e+03 1.007976318454043434e-48
2.290867652767772597e+03 1.038470999523996208e-48
2.344228815319922887e+03 1.077486761164785393e-48
2.398832919019489964e+03 1.124582402402360279e-48
2.454708915685031116e+03 1.188536268837785856e-48
2.511886431509579779e+03 1.245470660769499952e-48
2.570395782768864592e+03 1.319394895307201746e-48
2.630267991895381329e+03 1.406537229957229309e-48
2.691534803926916538e+03 1.507461009426991466e-48
2.754228703338166270e+03 1.669458108744776918e-48
2.818382931264454783e+03 1.753342821767158249e-48
2.884031503126605912e+03 1.902658376981827546e-48
2.951209226666387167e+03 2.072532194422602645e-48
3.019951720402016235e+03 2.533718612911836666e-48
3.090295432513592004e+03 2.481137173339522540e-48
3.162277660168379498e+03 2.725223463180078120e-48
3.235936569296284233e+03 3.000142360981103103e-48
3.311311214825911065e+03 3.313196386490326992e-48
3.388441561392027324e+03 3.653731436393455935e-48
3.467368504525316894e+03 4.040494529394755571e-48
3.548133892335756627e+03 4.474435662172311584e-48
3.630780547701013802e+03 4.955432950293966275e-48
3.715352290971723960e+03 5.493458477972578440e-48
3.801893963205612636e+03 6.093296865832198501e-48
3.890451449942804629e+03 6.760321813917304020e-48
3.981071705534973262e+03 7.501962019089313571e-48
4.073802778041126203e+03 8.326445931411950053e-48
4.168693834703354696e+03 9.241371062550156023e-48
4.265795188015925305e+03 1.025639840554727364e-47
4.365158322401661280e+03 1.138239684726219653e-47
4.466835921509630680e+03 1.262891609996493729e-47
4.570881896148751366e+03 1.400980261298091486e-47
4.677351412871980756e+03 1.554305988432448155e-47
4.786300923226384839e+03 1.722871007029397745e-47
4.897788193684461476e+03 1.909812326701039906e-47
5.011872336272725079e+03 2.116389101463970138e-47
5.128613839913648007e+03 2.344613549184019161e-47
5.248074602497727938e+03 2.596656378904158259e-47
5.370317963702526868e+03 2.874845096553932901e-47
5.495408738576248652e+03 3.183551956587816533e-47
5.623413251903491073e+03 3.520511724209875137e-47
5.754399373371572437e+03 3.894112861834231566e-47
5.888436553555889986e+03 4.305742155948631386e-47
6.025595860743580488e+03 4.759629851802673150e-47
6.165950018614822511e+03 5.259620732937328986e-47
6.309573444801936603e+03 5.810980974391533697e-47
6.456542290346556001e+03 6.417195865489985826e-47
6.606934480075957254e+03 7.085271303418051152e-47
6.760829753919818359e+03 7.820693554283680769e-47
6.918309709189362366e+03 8.630175171560973070e-47
7.079457843841380964e+03 9.520977885537037972e-47
7.244359600749898163e+03 1.050109612686099931e-46
7.413102413009177326e+03 1.158038643059747145e-46
7.585775750291835720e+03 1.276567384346251800e-46
7.762471166286919470e+03 1.407010740443144241e-46
7.943282347242813557e+03 1.550443970941052209e-46
8.128305161640994811e+03 1.708131590969384725e-46
8.317637711026709439e+03 1.881475828998983365e-46
8.511380382023768107e+03 2.072015770401126890e-46
8.709635899560806138e+03 2.281398430941668817e-46
8.912509381337458763e+03 2.511498048962506502e-46
9.120108393559095930e+03 2.764325005838084340e-46
9.332543007969914470e+03 3.042103170459037459e-46
9.549925860214360000e+03 3.347243358757253304e-46
9.772372209558112445e+03 3.682434077438639342e-46
1.000000000000000000e+04 4.050594702430954682e-46
