1.000000000000000021e-03 7.832249999999999314e-37
2.000000000000000000e+00 7.832249999999999314e-37
4.000000000000000000e+00 7.832249999999999314e-37
6.000000000000000000e+00 7.832249999999999314e-37
8.000000000000000000e+00 7.832249999999999314e-37
1.000000000000000000e+01 7.832249999999999314e-37
1.200000000000000000e+01 7.832249999999999314e-37
1.400000000000000000e+01 7.832249999999999314e-37
1.600000000000000000e+01 7.832249999999999314e-37
1.800000000000000000e+01 7.832249999999999314e-37
2.010000000000000142e+01 7.832249999999999314e-37
2.050000000000000000e+01 4.678559999999999989e-37
2.089999999999999858e+01 2.787840000000000056e-37
2.130000000000000071e+01 1.664640000000000033e-37
2.169999999999999929e+01 9.922500000000000132e-38
2.210000000000000142e+01 5.953599999999999539e-38
2.250000000000000000e+01 3.534400000000000012e-38
2.289999999999999858e+01 2.102499999999999919e-38
2.330000000000000071e+01 1.254399999999999880e-38
2.380000000000000071e+01 7.551609999999999372e-39
2.419999999999999929e+01 4.502410000000000225e-39
2.469999999999999929e+01 2.693610000000000073e-39
2.510000000000000142e+01 1.608010000000000037e-39
2.560000000000000142e+01 9.610000000000000373e-40
2.610000000000000142e+01 5.712100000000000001e-40
2.650000000000000000e+01 3.422499999999999842e-40
2.700000000000000000e+01 2.044900000000000081e-40
2.750000000000000000e+01 1.210000000000000069e-40
2.810000000000000142e+01 7.293159999999999764e-41
2.860000000000000142e+01 4.355999999999999903e-41
2.910000000000000142e+01 2.611210000000000211e-41
2.960000000000000142e+01 1.568160000000000047e-41
3.019999999999999929e+01 9.424900000000000075e-42
3.080000000000000071e+01 5.664400000000000236e-42
3.130000000000000071e+01 3.422500000000000173e-42
3.189999999999999858e+01 2.102499999999999951e-42
3.250000000000000000e+01 1.299599999999999949e-42
3.310000000000000142e+01 8.118010000000000270e-43
3.370000000000000284e+01 5.212840000000000007e-43
3.439999999999999858e+01 3.457439999999999914e-43
3.500000000000000000e+01 2.381440000000000074e-43
3.560000000000000142e+01 1.722250000000000049e-43
3.629999999999999716e+01 1.303210000000000002e-43
3.700000000000000000e+01 1.036840000000000027e-43
3.770000000000000284e+01 8.526399999999999822e-44
3.839999999999999858e+01 7.289999999999999559e-44
3.910000000000000142e+01 6.400900000000000215e-44
3.979999999999999716e+01 5.760000000000000008e-44
4.060000000000000142e+01 5.198399999999999597e-44
4.129999999999999716e+01 4.752400000000000133e-44
4.210000000000000142e+01 4.368099999999999861e-44
4.289999999999999858e+01 4.040099999999999868e-44
4.370000000000000284e+01 3.724899999999999952e-44
4.450000000000000000e+01 3.459599999999999778e-44
4.529999999999999716e+01 3.204099999999999787e-44
4.610000000000000142e+01 2.958399999999999981e-44
4.700000000000000000e+01 2.755599999999999998e-44
4.789999999999999858e+01 2.560000000000000059e-44
4.879999999999999716e+01 2.371600000000000163e-44
4.970000000000000284e+01 2.220100000000000056e-44
5.060000000000000142e+01 2.044899999999999991e-44
5.150000000000000000e+01 1.904400000000000074e-44
5.250000000000000000e+01 1.768900000000000063e-44
5.350000000000000000e+01 1.638399999999999958e-44
5.450000000000000000e+01 1.537600000000000095e-44
5.550000000000000000e+01 1.416099999999999920e-44
5.650000000000000000e+01 1.322500000000000100e-44
5.750000000000000000e+01 1.232100000000000051e-44
5.860000000000000142e+01 1.144900000000000021e-44
5.970000000000000284e+01 1.060900000000000010e-44
6.079999999999999716e+01 9.860490000000000609e-45
6.189999999999999858e+01 9.158490000000000094e-45
6.310000000000000142e+01 8.519290000000000458e-45
6.429999999999999716e+01 7.921000000000000017e-45
6.550000000000000000e+01 7.361640000000000515e-45
6.670000000000000284e+01 6.839290000000000248e-45
6.790000000000000568e+01 6.368039999999999730e-45
6.920000000000000284e+01 5.929000000000000408e-45
7.050000000000000000e+01 5.505639999999999863e-45
7.179999999999999716e+01 5.126559999999999884e-45
7.309999999999999432e+01 4.774809999999999777e-45
7.450000000000000000e+01 4.448889999999999846e-45
7.590000000000000568e+01 4.134490000000000184e-45
7.729999999999999716e+01 3.856410000000000194e-45
7.870000000000000284e+01 3.588010000000000188e-45
8.020000000000000284e+01 3.340839999999999955e-45
8.170000000000000284e+01 3.113639999999999700e-45
8.320000000000000284e+01 2.905209999999999914e-45
8.470000000000000284e+01 2.714410000000000128e-45
8.629999999999999716e+01 2.530089999999999872e-45
8.790000000000000568e+01 2.361959999999999893e-45
8.950000000000000000e+01 2.208999999999999988e-45
9.120000000000000284e+01 2.070249999999999927e-45
9.290000000000000568e+01 1.935999999999999892e-45
9.459999999999999432e+01 1.814759999999999880e-45
9.640000000000000568e+01 1.697440000000000029e-45
9.820000000000000284e+01 1.592009999999999932e-45
1.000000000000000000e+02 1.497689999999999909e-45
1.020000000000000000e+02 1.406249999999999953e-45
1.040000000000000000e+02 1.324959999999999997e-45
1.060000000000000000e+02 1.253159999999999998e-45
1.080000000000000000e+02 1.183360000000000011e-45
1.100000000000000000e+02 1.115560000000000036e-45
1.120000000000000000e+02 1.056250000000000013e-45
1.140000000000000000e+02 1.004890000000000007e-45
1.160000000000000000e+02 9.548099999999999969e-46
1.180000000000000000e+02 9.120400000000000057e-46
1.200000000000000000e+02 8.702499999999999768e-46
1.220000000000000000e+02 8.352099999999999888e-46
1.250000000000000000e+02 8.008900000000000176e-46
1.270000000000000000e+02 7.728399999999999723e-46
1.290000000000000000e+02 7.452899999999999300e-46
1.320000000000000000e+02 7.182400000000000464e-46
1.340000000000000000e+02 6.969600000000000078e-46
1.370000000000000000e+02 6.812099999999999903e-46
1.390000000000000000e+02 6.656399999999999770e-46
1.420000000000000000e+02 6.502499999999999678e-46
1.450000000000000000e+02 6.400900000000000246e-46
1.470000000000000000e+02 6.300100000000000227e-46
1.500000000000000000e+02 6.200099999999999622e-46
1.530000000000000000e+02 6.150399999999999975e-46
1.560000000000000000e+02 6.150399999999999975e-46
1.580000000000000000e+02 6.100899999999999986e-46
1.610000000000000000e+02 6.100899999999999986e-46
1.640000000000000000e+02 6.100899999999999986e-46
1.670000000000000000e+02 6.150399999999999975e-46
1.710000000000000000e+02 6.200099999999999622e-46
1.740000000000000000e+02 6.249999999999999706e-46
1.770000000000000000e+02 6.350399999999999629e-46
1.800000000000000000e+02 6.451599999999999744e-46
1.840000000000000000e+02 6.553600000000000050e-46
1.870000000000000000e+02 6.656399999999999770e-46
1.910000000000000000e+02 6.759999999999999681e-46
1.940000000000000000e+02 6.916900000000000101e-46
1.980000000000000000e+02 7.075600000000000564e-46
2.010000000000000000e+02 7.236100000000000291e-46
2.050000000000000000e+02 7.452899999999999300e-46
2.090000000000000000e+02 7.617600000000000421e-46
2.130000000000000000e+02 7.840000000000000771e-46
2.170000000000000000e+02 8.065600000000000332e-46
2.210000000000000000e+02 8.294400000000000659e-46
2.250000000000000000e+02 8.526400000000000196e-46
2.290000000000000000e+02 8.820900000000000111e-46
2.330000000000000000e+02 9.120400000000000057e-46
2.380000000000000000e+02 9.363600000000000719e-46
2.420000000000000000e+02 9.672100000000000097e-46
2.470000000000000000e+02 9.985599999999999505e-46
2.510000000000000000e+02 1.036840000000000014e-45
2.560000000000000000e+02 1.069290000000000024e-45
2.610000000000000000e+02 1.108890000000000015e-45
2.650000000000000000e+02 1.142439999999999938e-45
2.700000000000000000e+02 1.183360000000000011e-45
2.750000000000000000e+02 1.224999999999999946e-45
2.810000000000000000e+02 1.274489999999999990e-45
2.860000000000000000e+02 1.317690000000000065e-45
2.910000000000000000e+02 1.361610000000000001e-45
2.960000000000000000e+02 1.413759999999999943e-45
3.020000000000000000e+02 1.466889999999999847e-45
3.080000000000000000e+02 1.520999999999999870e-45
3.130000000000000000e+02 1.576090000000000010e-45
3.190000000000000000e+02 1.632159999999999958e-45
3.250000000000000000e+02 1.689210000000000023e-45
3.310000000000000000e+02 1.755610000000000051e-45
3.370000000000000000e+02 1.814759999999999880e-45
3.440000000000000000e+02 1.883559999999999861e-45
3.500000000000000000e+02 1.953640000000000148e-45
3.560000000000000000e+02 2.025000000000000119e-45
3.630000000000000000e+02 2.097640000000000086e-45
3.700000000000000000e+02 2.180890000000000123e-45
3.770000000000000000e+02 2.256250000000000119e-45
3.840000000000000000e+02 2.342560000000000149e-45
3.910000000000000000e+02 2.430490000000000140e-45
3.980000000000000000e+02 2.520040000000000091e-45
4.060000000000000000e+02 2.611210000000000002e-45
4.130000000000000000e+02 2.714410000000000128e-45
4.210000000000000000e+02 2.819610000000000267e-45
4.290000000000000000e+02 2.916000000000000222e-45
4.370000000000000000e+02 3.025000000000000259e-45
4.450000000000000000e+02 3.147210000000000134e-45
4.530000000000000000e+02 3.260409999999999699e-45
4.610000000000000000e+02 3.387239999999999863e-45
4.700000000000000000e+02 3.504640000000000200e-45
4.790000000000000000e+02 3.636090000000000030e-45
4.880000000000000000e+02 3.769960000000000013e-45
4.970000000000000000e+02 3.918760000000000167e-45
5.060000000000000000e+02 4.057689999999999844e-45
5.150000000000000000e+02 4.212010000000000230e-45
5.250000000000000000e+02 4.369210000000000061e-45
5.350000000000000000e+02 4.542760000000000209e-45
5.450000000000000000e+02 4.705960000000000076e-45
5.550000000000000000e+02 4.886009999999999953e-45
5.650000000000000000e+02 5.069440000000000210e-45
5.750000000000000000e+02 5.256250000000000227e-45
5.860000000000000000e+02 5.461209999999999824e-45
5.970000000000000000e+02 5.655039999999999771e-45
6.080000000000000000e+02 5.867559999999999389e-45
6.190000000000000000e+02 6.099610000000000202e-45
6.310000000000000000e+02 6.320250000000000442e-45
6.430000000000000000e+02 6.561000000000000499e-45
6.550000000000000000e+02 6.806249999999999650e-45
6.670000000000000000e+02 7.056000000000000383e-45
6.790000000000000000e+02 7.327359999999999387e-45
6.920000000000000000e+02 7.603839999999999616e-45
7.050000000000000000e+02 7.885439999999999827e-45
7.180000000000000000e+02 8.172160000000000019e-45
7.310000000000000000e+02 8.482410000000000185e-45
7.450000000000000000e+02 8.798439999999999751e-45
7.590000000000000000e+02 9.139360000000000395e-45
7.730000000000000000e+02 9.486759999999999635e-45
7.870000000000000000e+02 9.840639999999999959e-45
8.020000000000000000e+02 1.020100000000000012e-44
8.170000000000000000e+02 1.060900000000000010e-44
8.320000000000000000e+02 1.102500000000000013e-44
8.470000000000000000e+02 1.144900000000000021e-44
8.630000000000000000e+02 1.188100000000000033e-44
8.790000000000000000e+02 1.232100000000000051e-44
8.950000000000000000e+02 1.276900000000000073e-44
9.120000000000000000e+02 1.322500000000000100e-44
9.290000000000000000e+02 1.368899999999999883e-44
9.460000000000000000e+02 1.416099999999999920e-44
9.640000000000000000e+02 1.464099999999999961e-44
9.820000000000000000e+02 1.537600000000000095e-44
1.000000000000000000e+03 1.587599999999999900e-44
1.020000000000000000e+03 1.638399999999999958e-44
1.040000000000000000e+03 1.716099999999999993e-44
1.060000000000000000e+03 1.768900000000000063e-44
1.080000000000000000e+03 1.849599999999999992e-44
1.100000000000000000e+03 1.904400000000000074e-44
1.120000000000000000e+03 1.988099999999999896e-44
1.140000000000000000e+03 2.044899999999999991e-44
1.160000000000000000e+03 2.131599999999999956e-44
1.180000000000000000e+03 2.220100000000000056e-44
1.200000000000000000e+03 2.280100000000000170e-44
1.220000000000000000e+03 2.371600000000000163e-44
1.250000000000000000e+03 2.464899999999999795e-44
1.270000000000000000e+03 2.560000000000000059e-44
1.290000000000000000e+03 2.656899999999999961e-44
1.320000000000000000e+03 2.755599999999999998e-44
1.340000000000000000e+03 2.856100000000000171e-44
1.370000000000000000e+03 2.958399999999999981e-44
1.390000000000000000e+03 3.097599999999999827e-44
1.420000000000000000e+03 3.204099999999999787e-44
1.450000000000000000e+03 3.312399999999999883e-44
1.470000000000000000e+03 3.459599999999999778e-44
1.500000000000000000e+03 3.572100000000000023e-44
1.530000000000000000e+03 3.686399999999999906e-44
1.560000000000000000e+03 3.841599999999999849e-44
1.580000000000000000e+03 3.999999999999999812e-44
1.610000000000000000e+03 4.120899999999999859e-44
1.640000000000000000e+03 4.284899999999999856e-44
1.670000000000000000e+03 4.452099999999999872e-44
1.710000000000000000e+03 4.622499999999999907e-44
1.740000000000000000e+03 4.796100000000000460e-44
1.770000000000000000e+03 4.972900000000000037e-44
1.800000000000000000e+03 5.152899999999999632e-44
1.840000000000000000e+03 5.336100000000000243e-44
1.870000000000000000e+03 5.569599999999999851e-44
1.910000000000000000e+03 5.760000000000000008e-44
1.940000000000000000e+03 6.002499999999999795e-44
1.980000000000000000e+03 6.200100000000000493e-44
2.010000000000000000e+03 6.451600000000000459e-44
2.050000000000000000e+03 6.656399999999999707e-44
2.090000000000000000e+03 6.916899999999999853e-44
2.130000000000000000e+03 7.182399999999999655e-44
2.170000000000000000e+03 7.452900000000000109e-44
2.210000000000000000e+03 7.728400000000000221e-44
2.250000000000000000e+03 8.008899999999999989e-44
2.290000000000000000e+03 8.352099999999999577e-44
2.330000000000000000e+03 8.643599999999999785e-44
2.380000000000000000e+03 8.940099999999999650e-44
2.420000000000000000e+03 9.302500000000000350e-44
2.470000000000000000e+03 9.672099999999999599e-44
2.510000000000000000e+03 9.985599999999999692e-44
2.560000000000000000e+03 1.036840000000000027e-43
2.610000000000000000e+03 1.075839999999999939e-43
2.650000000000000000e+03 1.115559999999999906e-43
2.700000000000000000e+03 1.162809999999999999e-43
2.750000000000000000e+03 1.204090000000000049e-43
2.810000000000000000e+03 1.246089999999999955e-43
2.860000000000000000e+03 1.296000000000000076e-43
2.910000000000000000e+03 1.346889999999999968e-43
2.960000000000000000e+03 1.398760000000000026e-43
3.020000000000000000e+03 1.451610000000000054e-43
3.080000000000000000e+03 1.505440000000000050e-43
3.130000000000000000e+03 1.560250000000000014e-43
3.190000000000000000e+03 1.616039999999999947e-43
3.250000000000000000e+03 1.680999999999999942e-43
3.310000000000000000e+03 1.738889999999999950e-43
3.370000000000000000e+03 1.806250000000000059e-43
3.440000000000000000e+03 1.874890000000000176e-43
3.500000000000000000e+03 1.944809999999999902e-43
3.560000000000000000e+03 2.016010000000000034e-43
3.630000000000000000e+03 2.088490000000000174e-43
3.700000000000000000e+03 2.171559999999999924e-43
3.770000000000000000e+03 2.256249999999999845e-43
3.840000000000000000e+03 2.332889999999999811e-43
3.910000000000000000e+03 2.420640000000000012e-43
3.980000000000000000e+03 2.520039999999999842e-43
4.060000000000000000e+03 2.611210000000000051e-43
4.130000000000000000e+03 2.704000000000000034e-43
4.210000000000000000e+03 2.809000000000000197e-43
4.290000000000000000e+03 2.915999999999999824e-43
4.370000000000000000e+03 3.025000000000000110e-43
4.450000000000000000e+03 3.135999999999999861e-43
4.530000000000000000e+03 3.260409999999999948e-43
4.610000000000000000e+03 3.375609999999999848e-43
4.700000000000000000e+03 3.504640000000000100e-43
4.790000000000000000e+03 3.636089999999999831e-43
4.880000000000000000e+03 3.769959999999999839e-43
4.970000000000000000e+03 3.918760000000000142e-43
5.060000000000000000e+03 4.057689999999999893e-43
5.150000000000000000e+03 4.212010000000000280e-43
5.250000000000000000e+03 4.369210000000000086e-43
5.350000000000000000e+03 4.542760000000000333e-43
5.450000000000000000e+03 4.705960000000000126e-43
5.550000000000000000e+03 4.886009999999999828e-43
5.650000000000000000e+03 5.069440000000000011e-43
5.750000000000000000e+03 5.256249999999999878e-43
5.860000000000000000e+03 5.461210000000000023e-43
5.970000000000000000e+03 5.655039999999999970e-43
6.080000000000000000e+03 5.867560000000000385e-43
6.190000000000000000e+03 6.083999999999999878e-43
6.310000000000000000e+03 6.320250000000000144e-43
6.430000000000000000e+03 6.560999999999999603e-43
6.550000000000000000e+03 6.806249999999999849e-43
6.670000000000000000e+03 7.056000000000000084e-43
6.790000000000000000e+03 7.327360000000000134e-43
6.920000000000000000e+03 7.603840000000000214e-43
7.050000000000000000e+03 7.885440000000000325e-43
7.180000000000000000e+03 8.172160000000000467e-43
7.310000000000000000e+03 8.482409999999999239e-43
7.450000000000000000e+03 8.798440000000000398e-43
7.590000000000000000e+03 9.139359999999999250e-43
7.730000000000000000e+03 9.486760000000000382e-43
7.870000000000000000e+03 9.840640000000000607e-43
8.020000000000000000e+03 1.020099999999999992e-42
8.170000000000000000e+03 1.060900000000000060e-42
8.320000000000000000e+03 1.102500000000000073e-42
8.470000000000000000e+03 1.144900000000000031e-42
8.630000000000000000e+03 1.188099999999999934e-42
8.790000000000000000e+03 1.232099999999999941e-42
8.950000000000000000e+03 1.276900000000000053e-42
9.120000000000000000e+03 1.322499999999999951e-42
9.290000000000000000e+03 1.368899999999999953e-42
9.460000000000000000e+03 1.416100000000000059e-42
9.640000000000000000e+03 1.464100000000000111e-42
9.820000000000000000e+03 1.537599999999999945e-42
