   9.7650350e-08   6.7741772e-23
   9.9925610e-08   6.1779506e-23
   1.0225380e-07   5.6342138e-23
   1.0463640e-07   5.1383206e-23
   1.0707440e-07   4.6860692e-23
   1.0956930e-07   4.2736278e-23
   1.1212220e-07   3.8974899e-23
   1.1473460e-07   3.5544609e-23
   1.1740800e-07   3.2416102e-23
   1.2014360e-07   2.9563035e-23
   1.2294300e-07   2.6961070e-23
   1.2580750e-07   2.4588150e-23
   1.2873880e-07   2.2424032e-23
   1.3173850e-07   2.0450383e-23
   1.3480800e-07   1.8650461e-23
   1.3794890e-07   1.7008984e-23
   1.4116320e-07   1.5511924e-23
   1.4445230e-07   1.4146663e-23
   1.4781800e-07   1.2901573e-23
   1.5126210e-07   1.1766053e-23
   1.5478650e-07   1.0730479e-23
   1.5839310e-07   9.7860357e-24
   1.6208360e-07   8.9247261e-24
   1.6586020e-07   8.1392324e-24
   1.6972480e-07   7.4228512e-24
   1.7367930e-07   6.7695402e-24
   1.7772600e-07   6.1737291e-24
   1.8186710e-07   5.6303507e-24
   1.8610460e-07   5.1347968e-24
   1.9044080e-07   4.6828657e-24
   1.9487810e-07   4.2707074e-24
   1.9941880e-07   3.8948246e-24
   2.0406520e-07   3.5520262e-24
   2.0881990e-07   3.2393952e-24
   2.1368550e-07   2.9542803e-24
   2.1866440e-07   2.6942629e-24
   2.2375920e-07   2.4571315e-24
   2.2897280e-07   2.2408683e-24
   2.3430790e-07   2.0436389e-24
   2.3976730e-07   1.8637710e-24
   2.4535380e-07   1.6997328e-24
   2.5107060e-07   1.5501321e-24
   2.5692050e-07   1.4136972e-24
   2.6290670e-07   1.2892717e-24
   2.6903250e-07   1.1757976e-24
   2.7530090e-07   1.0723120e-24
   2.8171540e-07   9.7793389e-25
   2.8827940e-07   8.9186095e-25
   2.9499630e-07   8.1336463e-25
   3.0186970e-07   7.4177706e-25
   3.0890330e-07   6.7649046e-25
   3.1610080e-07   6.1694945e-25
   3.2346590e-07   5.6264926e-25
   3.3100260e-07   5.1312838e-25
   3.3871500e-07   4.6796558e-25
   3.4660700e-07   4.2677829e-25
   3.5468300e-07   3.8921565e-25
   3.6294710e-07   3.5495929e-25
   3.7140380e-07   3.2371764e-25
   3.8005750e-07   2.9522596e-25
   3.8891280e-07   2.6924195e-25
   3.9797450e-07   2.4554493e-25
   4.0724730e-07   2.2393348e-25
   4.1673620e-07   2.0422409e-25
   4.2644610e-07   1.8624947e-25
   4.3638230e-07   1.6985699e-25
   4.4655000e-07   1.5490711e-25
   4.5695460e-07   1.4127315e-25
   4.6760170e-07   1.2883907e-25
   4.7849670e-07   1.1749943e-25
   4.8964570e-07   1.0715783e-25
   5.0105450e-07   9.7726388e-26
   5.1272900e-07   8.9125117e-26
   5.2467560e-07   8.1280870e-26
   5.3690060e-07   7.4126978e-26
   5.4941040e-07   6.7602756e-26
   5.6221160e-07   6.1652741e-26
   5.7531110e-07   5.6226463e-26
   5.8871600e-07   5.1277700e-26
   6.0243300e-07   4.6764538e-26
   6.1646970e-07   4.2648610e-26
   6.3083350e-07   3.8894900e-26
   6.4553190e-07   3.5471617e-26
   6.6057280e-07   3.2349620e-26
   6.7596410e-07   2.9502391e-26
   6.9171400e-07   2.6905775e-26
   7.0783100e-07   2.4537687e-26
   7.2432350e-07   2.2378006e-26
   7.4120020e-07   2.0408437e-26
   7.5847020e-07   1.8612190e-26
   7.7614250e-07   1.6974077e-26
   7.9422670e-07   1.5480112e-26
   8.1273210e-07   1.4117646e-26
   8.3166870e-07   1.2875078e-26
   8.5104670e-07   1.1741890e-26
   8.7087600e-07   1.0708442e-26
   8.9116740e-07   9.7659517e-27
   9.1193160e-07   8.9064085e-27
   9.3317970e-07   8.1225174e-27
   9.5492270e-07   7.4076232e-27
   9.7717240e-07   6.7556465e-27
   9.9994030e-07   6.1610600e-27
   1.0232390e-06   5.6188022e-27
   1.0470800e-06   5.1242676e-27
   1.0714780e-06   4.6732455e-27
   1.0964430e-06   4.2619458e-27
   1.1219900e-06   3.8868267e-27
   1.1481330e-06   3.5447330e-27
   1.1748840e-06   3.2327514e-27
   1.2022590e-06   2.9482207e-27
   1.2302710e-06   2.6887357e-27
   1.2589370e-06   2.4520898e-27
   1.2882700e-06   2.2362703e-27
   1.3182860e-06   2.0394482e-27
   1.3490020e-06   1.8599485e-27
   1.3804340e-06   1.6962462e-27
   1.4125990e-06   1.5469512e-27
   1.4455120e-06   1.4107964e-27
   1.4791920e-06   1.2866282e-27
   1.5136580e-06   1.1733865e-27
   1.5489270e-06   1.0701103e-27
   1.5850160e-06   9.7592635e-28
   1.6219470e-06   8.9003056e-28
   1.6597380e-06   8.1169605e-28
   1.6984100e-06   7.4025567e-28
   1.7379830e-06   6.7510174e-28
   1.7784780e-06   6.1568398e-28
   1.8199170e-06   5.6149426e-28
   1.8623210e-06   5.1207526e-28
   1.9057120e-06   4.6700593e-28
   1.9501160e-06   4.2590269e-28
   1.9955540e-06   3.8841669e-28
   2.0420500e-06   3.5423079e-28
   2.0896300e-06   3.2305353e-28
   2.1383180e-06   2.9462006e-28
   2.1881410e-06   2.6868947e-28
   2.2391250e-06   2.4504114e-28
   2.2912960e-06   2.2347380e-28
   2.3446840e-06   2.0380475e-28
   2.3993150e-06   1.8586714e-28
   2.4552190e-06   1.6950842e-28
   2.5124250e-06   1.5458919e-28
   2.5709650e-06   1.4098309e-28
   2.6308680e-06   1.2857474e-28
   2.6921680e-06   1.1725814e-28
   2.7548950e-06   1.0693794e-28
   2.8190840e-06   9.7525777e-29
   2.8847690e-06   8.8942177e-29
   2.9519840e-06   8.1114034e-29
   3.0207650e-06   7.3974793e-29
   3.0911490e-06   6.7463948e-29
   3.1631730e-06   6.1526202e-29
   3.2368750e-06   5.6111006e-29
   3.3122940e-06   5.1172476e-29
   3.3894700e-06   4.6668572e-29
   3.4684440e-06   4.2561089e-29
   3.5492600e-06   3.8815093e-29
   3.6319570e-06   3.5398811e-29
   3.7165820e-06   3.2283215e-29
   3.8031780e-06   2.9441845e-29
   3.8917930e-06   2.6850543e-29
   3.9824710e-06   2.4487316e-29
   4.0752630e-06   2.2332080e-29
   4.1702170e-06   2.0366537e-29
   4.2673820e-06   1.8574005e-29
   4.3668120e-06   1.6939225e-29
   4.4685590e-06   1.5448327e-29
   4.5726770e-06   1.4088657e-29
   4.6792200e-06   1.2848662e-29
   4.7882460e-06   1.1717792e-29
   4.8998120e-06   1.0686466e-29
   5.0139780e-06   9.7459037e-30
   5.1308030e-06   8.8881258e-30
   5.2503510e-06   8.1058474e-30
   5.3726840e-06   7.3924172e-30
   5.4978670e-06   6.7417811e-30
   5.6259680e-06   6.1484112e-30
   5.7570530e-06   5.6072630e-30
   5.8911920e-06   5.1137445e-30
   6.0284570e-06   4.6636605e-30
   6.1689200e-06   4.2531927e-30
   6.3126560e-06   3.8788515e-30
   6.4597410e-06   3.5374575e-30
   6.6102530e-06   3.2261117e-30
   6.7642720e-06   2.9421683e-30
   6.9218790e-06   2.6832144e-30
   7.0831590e-06   2.4470533e-30
   7.2481960e-06   2.2316804e-30
   7.4170800e-06   2.0352589e-30
   7.5898980e-06   1.8561283e-30
   7.7667420e-06   1.6927623e-30
   7.9477070e-06   1.5437764e-30
   8.1328890e-06   1.4079009e-30
   8.3223850e-06   1.2839859e-30
   8.5162970e-06   1.1709772e-30
   8.7147260e-06   1.0679156e-30
   8.9177800e-06   9.7392306e-31
   9.1255640e-06   8.8820390e-31
   9.3381900e-06   8.1002952e-31
   9.5557730e-06   7.3900087e-31
   9.7784230e-06   6.7302269e-31
   1.0006260e-05   6.1498532e-31
   1.0239400e-05   5.6059512e-31
   1.0477980e-05   5.1129922e-31
   1.0722120e-05   4.6602686e-31
   1.0971940e-05   4.2505315e-31
   1.1227590e-05   3.8794100e-31
   1.1489190e-05   3.5335630e-31
   1.1756890e-05   3.2230577e-31
   1.2030820e-05   2.9422314e-31
   1.2311140e-05   2.6817142e-31
   1.2597990e-05   2.4455240e-31
   1.2891530e-05   2.2303754e-31
   1.3191900e-05   2.0332668e-31
   1.3499270e-05   1.8551877e-31
   1.3813800e-05   1.6912993e-31
   1.4135660e-05   1.5425296e-31
   1.4465030e-05   1.4065230e-31
   1.4802060e-05   1.2831877e-31
   1.5146950e-05   1.1698520e-31
   1.5499870e-05   1.0672289e-31
   1.5861020e-05   9.7328026e-32
   1.6230580e-05   8.8729933e-32
   1.6608760e-05   8.0946395e-32
   1.6995740e-05   7.3814043e-32
   1.7391730e-05   6.7322086e-32
   1.7796960e-05   6.1394780e-32
   1.8211630e-05   5.5988977e-32
   1.8635970e-05   5.1068181e-32
   1.9070180e-05   4.6575078e-32
   1.9514520e-05   4.2474778e-32
   1.9969210e-05   3.8734924e-32
   2.0434490e-05   3.5325390e-32
   2.0910610e-05   3.2216732e-32
   2.1397830e-05   2.9381251e-32
   2.1896400e-05   2.6796217e-32
   2.2406590e-05   2.4437818e-32
   2.2928660e-05   2.2287444e-32
   2.3462900e-05   2.0325692e-32
   2.4009580e-05   1.8536523e-32
   2.4569000e-05   1.6904134e-32
   2.5141470e-05   1.5416600e-32
   2.5727260e-05   1.4060149e-32
   2.6326710e-05   1.2822256e-32
   2.6940120e-05   1.1693654e-32
   2.7567820e-05   1.0664548e-32
   2.8210150e-05   9.7259024e-33
   2.8867450e-05   8.8696803e-33
   2.9540060e-05   8.0892666e-33
   3.0228340e-05   7.3771608e-33
   3.0932670e-05   6.7279431e-33
   3.1653400e-05   6.1357142e-33
   3.2390920e-05   5.5956728e-33
   3.3145630e-05   5.1032421e-33
   3.3917920e-05   4.6540230e-33
   3.4708210e-05   4.2444652e-33
   3.5516910e-05   3.8708954e-33
   3.6344450e-05   3.5301672e-33
   3.7191280e-05   3.2194753e-33
   3.8057830e-05   2.9361269e-33
   3.8944590e-05   2.6777085e-33
   3.9851990e-05   2.4420280e-33
   4.0780540e-05   2.2270934e-33
   4.1730730e-05   2.0310723e-33
   4.2703060e-05   1.8523159e-33
   4.3698040e-05   1.6892799e-33
   4.4716210e-05   1.5405994e-33
   4.5758090e-05   1.4050090e-33
   4.6824250e-05   1.2813457e-33
   4.7915260e-05   1.1685705e-33
   4.9031690e-05   1.0657182e-33
   5.0174120e-05   9.7192365e-34
   5.1343180e-05   8.8637615e-34
   5.2539480e-05   8.0836498e-34
   5.3763650e-05   7.3721536e-34
   5.5016340e-05   6.7232964e-34
   5.6298220e-05   6.1315615e-34
   5.7609970e-05   5.5918959e-34
   5.8952280e-05   5.0997202e-34
   6.0325870e-05   4.6508761e-34
   6.1731460e-05   4.2415279e-34
   6.3169800e-05   3.8682118e-34
   6.4641660e-05   3.5277554e-34
   6.6147810e-05   3.2172628e-34
   6.7689060e-05   2.9340949e-34
   6.9266210e-05   2.6758547e-34
   7.0880120e-05   2.4403407e-34
   7.2531620e-05   2.2255538e-34
   7.4221600e-05   2.0296732e-34
   7.5950970e-05   1.8510337e-34
   7.7720630e-05   1.6881129e-34
   7.9531520e-05   1.5395375e-34
   8.1384610e-05   1.4040354e-34
   8.3280860e-05   1.2804597e-34
   8.5221310e-05   1.1677612e-34
   8.7206960e-05   1.0649807e-34
   8.9238890e-05   9.7124612e-35
   9.1318150e-05   8.8576257e-35
   9.3445870e-05   8.0780225e-35
   9.5623200e-05   7.3670275e-35
   9.7851130e-05   6.7186432e-35
   1.0013110e-04   6.1273013e-35
   1.0246420e-04   5.5880005e-35
   1.0485160e-04   5.0961780e-35
   1.0729460e-04   4.6476411e-35
   1.0979460e-04   4.2385751e-35
   1.1235280e-04   3.8655192e-35
   1.1497060e-04   3.5252933e-35
   1.1764940e-04   3.2150136e-35
   1.2039070e-04   2.9320438e-35
   1.2319580e-04   2.6739830e-35
   1.2606620e-04   2.4386343e-35
   1.2900350e-04   2.2239977e-35
   1.3200940e-04   2.0282485e-35
   1.3508520e-04   1.8497337e-35
   1.3823260e-04   1.6869297e-35
   1.4145350e-04   1.5384531e-35
   1.4474930e-04   1.4030471e-35
   1.4812200e-04   1.2795573e-35
   1.5157320e-04   1.1669377e-35
   1.5510490e-04   1.0642295e-35
   1.5871890e-04   9.7055988e-36
   1.6241700e-04   8.8513747e-36
   1.6620130e-04   8.0723152e-36
   1.7007380e-04   7.3618232e-36
   1.7403650e-04   6.7138718e-36
   1.7809160e-04   6.1229473e-36
   1.8224110e-04   5.5840384e-36
   1.8648740e-04   5.0925595e-36
   1.9083250e-04   4.6443353e-36
   1.9527880e-04   4.2355698e-36
   1.9982890e-04   3.8627736e-36
   2.0448490e-04   3.5227949e-36
   2.0924930e-04   3.2127372e-36
   2.1412490e-04   2.9299682e-36
   2.1911400e-04   2.6720872e-36
   2.2421930e-04   2.4369083e-36
   2.2944370e-04   2.2224250e-36
   2.3478970e-04   2.0268192e-36
   2.4026030e-04   1.8484306e-36
   2.4585840e-04   1.6857439e-36
   2.5158690e-04   1.5373743e-36
   2.5744880e-04   1.4020691e-36
   2.6344740e-04   1.2786679e-36
   2.6958580e-04   1.1661300e-36
   2.7586710e-04   1.0634972e-36
   2.8229480e-04   9.6989623e-37
   2.8887220e-04   8.8453592e-37
   2.9560300e-04   8.0668779e-37
   3.0249050e-04   7.3569183e-37
   3.0953850e-04   6.7094480e-37
   3.1675080e-04   6.1189629e-37
   3.2413110e-04   5.5804530e-37
   3.3168330e-04   5.0893457e-37
   3.3941150e-04   4.6414612e-37
   3.4731990e-04   4.2329988e-37
   3.5541240e-04   3.8604873e-37
   3.6369350e-04   3.5207680e-37
   3.7216760e-04   3.2109472e-37
   3.8083910e-04   2.9283975e-37
   3.8971260e-04   2.6707201e-37
   3.9879290e-04   2.4357206e-37
   4.0808480e-04   2.2214056e-37
   4.1759320e-04   2.0259568e-37
   4.2732310e-04   1.8477102e-37
   4.3727980e-04   1.6851534e-37
   4.4746840e-04   1.5369042e-37
   4.5789440e-04   1.4017057e-37
   4.6856330e-04   1.2784072e-37
   4.7948090e-04   1.1659609e-37
   4.9065280e-04   1.0634134e-37
   5.0208490e-04   9.6989205e-38
   5.1378350e-04   8.8460322e-38
   5.2575470e-04   8.0682130e-38
   5.3800480e-04   7.3588661e-38
   5.5054030e-04   6.7119545e-38
   5.6336790e-04   6.1219922e-38
   5.7649430e-04   5.5839580e-38
   5.8992660e-04   5.0932907e-38
   6.0367190e-04   4.6458138e-38
   6.1773750e-04   4.2377228e-38
   6.3213080e-04   3.8655610e-38
   6.4685950e-04   3.5261554e-38
   6.6193130e-04   3.2166315e-38
   6.7735430e-04   2.9343553e-38
   6.9313670e-04   2.6769279e-38
   7.0928670e-04   2.4421626e-38
   7.2581310e-04   2.2280637e-38
   7.4272460e-04   2.0328144e-38
   7.6003010e-04   1.8547525e-38
   7.7773870e-04   1.6923694e-38
   7.9586000e-04   1.5442784e-38
   8.1440350e-04   1.4092278e-38
   8.3337920e-04   1.2860671e-38
   8.5279690e-04   1.1737491e-38
   8.7266710e-04   1.0713182e-38
   8.9300020e-04   9.7790838e-39
   9.1380710e-04   8.9272206e-39
   9.3509880e-04   8.1503610e-39
   9.5688660e-04   7.4419073e-39
   9.7918210e-04   6.7958293e-39
   1.0019970e-03   6.2066508e-39
   1.0253440e-03   5.6693325e-39
   1.0492340e-03   5.1793527e-39
   1.0736810e-03   4.7325071e-39
   1.0986980e-03   4.3250286e-39
   1.1242980e-03   3.9534165e-39
   1.1504930e-03   3.6145479e-39
   1.1773000e-03   3.3055186e-39
   1.2047310e-03   3.0237043e-39
   1.2328020e-03   2.7667106e-39
   1.2615260e-03   2.5323651e-39
   1.2909200e-03   2.3186517e-39
   1.3209970e-03   2.1237765e-39
   1.3517770e-03   1.9460618e-39
   1.3832730e-03   1.7840123e-39
   1.4155040e-03   1.6362373e-39
   1.4484850e-03   1.5014850e-39
   1.4822350e-03   1.3786094e-39
   1.5167710e-03   1.2665648e-39
   1.5521120e-03   1.1643948e-39
   1.5882760e-03   1.0712346e-39
   1.6252820e-03   9.8628847e-40
   1.6631520e-03   9.0883377e-40
   1.7019040e-03   8.3821020e-40
   1.7415570e-03   7.7381887e-40
   1.7821360e-03   7.1510836e-40
   1.8236600e-03   6.6158013e-40
   1.8661500e-03   6.1277933e-40
   1.9096320e-03   5.6828791e-40
   1.9541260e-03   5.2772703e-40
   1.9996570e-03   4.9075142e-40
   2.0462500e-03   4.5704582e-40
   2.0939280e-03   4.2632215e-40
   2.1427160e-03   3.9831897e-40
   2.1926410e-03   3.7279655e-40
   2.2437300e-03   3.4953668e-40
   2.2960090e-03   3.2834129e-40
   2.3495060e-03   3.0902827e-40
   2.4042490e-03   2.9143304e-40
   2.4602680e-03   2.7540465e-40
   2.5175930e-03   2.6080538e-40
   2.5762530e-03   2.4751061e-40
   2.6362790e-03   2.3540581e-40
   2.6977040e-03   2.2438692e-40
   2.7605610e-03   2.1435917e-40
   2.8248820e-03   2.0523600e-40
   2.8907010e-03   1.9693828e-40
   2.9580550e-03   1.8939485e-40
   3.0269780e-03   1.8253983e-40
   3.0975060e-03   1.7631378e-40
   3.1696780e-03   1.7066209e-40
   3.2435320e-03   1.6553576e-40
   3.3191060e-03   1.6088944e-40
   3.3964410e-03   1.5668205e-40
   3.4755780e-03   1.5287641e-40
   3.5565590e-03   1.4943864e-40
   3.6394270e-03   1.4633765e-40
   3.7242260e-03   1.4354556e-40
   3.8110000e-03   1.4103653e-40
   3.8997960e-03   1.3878796e-40
   3.9906610e-03   1.3677817e-40
   4.0836440e-03   1.3498861e-40
   4.1787930e-03   1.3340158e-40
   4.2761590e-03   1.3200195e-40
   4.3757930e-03   1.3077501e-40
   4.4777490e-03   1.2970864e-40
   4.5820800e-03   1.2879072e-40
   4.6888430e-03   1.2801157e-40
   4.7980930e-03   1.2736161e-40
   4.9098890e-03   1.2683264e-40
   5.0242890e-03   1.2641719e-40
   5.1413550e-03   1.2610931e-40
   5.2611490e-03   1.2590276e-40
   5.3837330e-03   1.2579282e-40
   5.5091750e-03   1.2577533e-40
   5.6375380e-03   1.2584644e-40
   5.7688930e-03   1.2600332e-40
   5.9033080e-03   1.2624343e-40
   6.0408550e-03   1.2656498e-40
   6.1816070e-03   1.2696647e-40
   6.3256390e-03   1.2744717e-40
   6.4730250e-03   1.2800660e-40
   6.6238480e-03   1.2864505e-40
   6.7781820e-03   1.2936287e-40
   6.9361150e-03   1.3016140e-40
   7.0977260e-03   1.3104182e-40
   7.2631030e-03   1.3200654e-40
   7.4323330e-03   1.3305784e-40
   7.6055070e-03   1.3419902e-40
   7.7827150e-03   1.3543350e-40
   7.9640530e-03   1.3676531e-40
   8.1496150e-03   1.3819930e-40
   8.3395010e-03   1.3974101e-40
   8.5338110e-03   1.4139636e-40
   8.7326490e-03   1.4317199e-40
   8.9361200e-03   1.4507576e-40
   9.1443310e-03   1.4711604e-40
   9.3573940e-03   1.4930249e-40
   9.5754220e-03   1.5164519e-40
   9.7985300e-03   1.5415631e-40
   1.0026840e-02   1.5684832e-40
   1.0260460e-02   1.5973623e-40
   1.0499530e-02   1.6283597e-40
   1.0744160e-02   1.6616525e-40
   1.0994510e-02   1.6974416e-40
   1.1250680e-02   1.7359512e-40
   1.1512820e-02   1.7774329e-40
   1.1781070e-02   1.8221679e-40
   1.2055570e-02   1.8704693e-40
   1.2336470e-02   1.9226956e-40
   1.2623900e-02   1.9792410e-40
   1.2918040e-02   2.0405637e-40
   1.3219030e-02   2.1071774e-40
   1.3527030e-02   2.1796654e-40
   1.3842220e-02   2.2586904e-40
   1.4164730e-02   2.3450144e-40
   1.4494770e-02   2.4395066e-40
   1.4832500e-02   2.5431702e-40
   1.5178100e-02   2.6571575e-40
   1.5531750e-02   2.7827978e-40
   1.5893640e-02   2.9216381e-40
   1.6263960e-02   3.0754707e-40
   1.6642910e-02   3.2463859e-40
   1.7030690e-02   3.4368154e-40
   1.7427510e-02   3.6496205e-40
   1.7833570e-02   3.8881372e-40
   1.8249090e-02   4.1562855e-40
   1.8674290e-02   4.4586603e-40
   1.9109400e-02   4.8006256e-40
   1.9554650e-02   5.1884457e-40
   2.0010280e-02   5.6293826e-40
   2.0476510e-02   6.1317546e-40
   2.0953620e-02   6.7049147e-40
   2.1441830e-02   7.3591482e-40
   2.1941430e-02   8.1052211e-40
   2.2452670e-02   8.9535660e-40
   2.2975810e-02   9.9128067e-40
   2.3511150e-02   1.0987276e-39
   2.4058960e-02   1.2173344e-39
   2.4619530e-02   1.3454422e-39
   2.5193170e-02   1.4795085e-39
   2.5780170e-02   1.6136072e-39
   2.6380840e-02   1.7393045e-39
   2.6995530e-02   1.8463126e-39
   2.7624510e-02   1.9241602e-39
   2.8268170e-02   1.9646471e-39
   2.8926810e-02   1.9641676e-39
   2.9600810e-02   1.9247805e-39
   3.0290510e-02   1.8534575e-39
   3.0996280e-02   1.7599577e-39
   3.1718490e-02   1.6544109e-39
   3.2457530e-02   1.5455544e-39
   3.3213790e-02   1.4399179e-39
   3.3987680e-02   1.3418001e-39
   3.4779580e-02   1.2536585e-39
   3.5589950e-02   1.1766341e-39
   3.6419200e-02   1.1110282e-39
   3.7267770e-02   1.0566784e-39
   3.8136100e-02   1.0132196e-39
   3.9024680e-02   9.8026788e-40
   3.9933950e-02   9.5753609e-40
   4.0864410e-02   9.4491502e-40
   4.1816560e-02   9.4254158e-40
   4.2790880e-02   9.5085026e-40
   4.3787900e-02   9.7064213e-40
   4.4808160e-02   1.0031606e-39
   4.5852200e-02   1.0501864e-39
   4.6920550e-02   1.1141550e-39
   4.8013800e-02   1.1982827e-39
   4.9132530e-02   1.3066736e-39
   5.0277310e-02   1.4443306e-39
   5.1448780e-02   1.6168964e-39
   5.2647530e-02   1.8297716e-39
   5.3874210e-02   2.0860640e-39
   5.5129490e-02   2.3826543e-39
   5.6414000e-02   2.7043234e-39
   5.7728450e-02   3.0182783e-39
   5.9073520e-02   3.2756014e-39
   6.0449940e-02   3.4267642e-39
   6.1858420e-02   3.4469334e-39
   6.3299720e-02   3.3507531e-39
   6.4774600e-02   3.1823002e-39
   6.6283850e-02   2.9915562e-39
   6.7828260e-02   2.8176276e-39
   6.9408660e-02   2.6850927e-39
   7.1025880e-02   2.6080969e-39
   7.2680780e-02   2.5961430e-39
   7.4374250e-02   2.6590317e-39
   7.6107170e-02   2.8107578e-39
   7.7880460e-02   3.0728352e-39
   7.9695080e-02   3.4769750e-39
   8.1551970e-02   4.0648071e-39
   8.3452130e-02   4.8763769e-39
   8.5396570e-02   5.9079023e-39
   8.7386310e-02   7.0196866e-39
   8.9422410e-02   7.8624877e-39
   9.1505950e-02   8.0551271e-39
   9.3638040e-02   7.5804239e-39
   9.5819780e-02   6.7972588e-39
   9.8033680e-02   6.0689771e-39
   1.0029870e-01   5.5630237e-39
   1.0261620e-01   5.3353806e-39
   1.0498720e-01   5.4115900e-39
   1.0741280e-01   5.8374520e-39
   1.0989460e-01   6.7025675e-39
   1.1243370e-01   8.1297723e-39
   1.1503150e-01   1.0149233e-38
   1.1768920e-01   1.2308327e-38
   1.2040840e-01   1.3395447e-38
   1.2319050e-01   1.2649816e-38
   1.2603680e-01   1.0959515e-38
   1.2894880e-01   9.4897504e-39
   1.3192820e-01   8.7073981e-39
   1.3497640e-01   8.7191129e-39
   1.3809500e-01   9.6502626e-39
   1.4128560e-01   1.1795242e-38
   1.4455010e-01   1.5462102e-38
   1.4788980e-01   1.9783717e-38
   1.5130690e-01   2.1243121e-38
   1.5480280e-01   1.8528028e-38
   1.5837960e-01   1.5186249e-38
   1.6203890e-01   1.3379549e-38
   1.6578280e-01   1.3452358e-38
   1.6961310e-01   1.5702070e-38
   1.7353200e-01   2.0805062e-38
   1.7754150e-01   2.7770556e-38
   1.8164360e-01   2.9502047e-38
   1.8584040e-01   2.4125017e-38
   1.9013420e-01   1.9397219e-38
   1.9270400e-01   1.8216010e-38
   1.9530850e-01   1.8294781e-38
   1.9794820e-01   1.9748878e-38
   2.0062350e-01   2.2866763e-38
   2.0333510e-01   2.7978249e-38
   2.0608330e-01   3.4694315e-38
   2.0886860e-01   4.0291248e-38
   2.1169150e-01   4.0569734e-38
   2.1455270e-01   3.5761231e-38
   2.1745240e-01   3.0101001e-38
   2.2039140e-01   2.6181602e-38
   2.2337010e-01   2.4538377e-38
   2.2638910e-01   2.5213184e-38
   2.2944880e-01   2.8496715e-38
   2.3254990e-01   3.4969748e-38
   2.3569300e-01   4.4377888e-38
   2.3887850e-01   5.2309316e-38
   2.4210700e-01   5.1379062e-38
   2.4537930e-01   4.3357317e-38
   2.4869570e-01   3.5773448e-38
   2.5205690e-01   3.1688806e-38
   2.5546360e-01   3.1366287e-38
   2.5891630e-01   3.5085898e-38
   2.6241570e-01   4.3811137e-38
   2.6596240e-01   5.7327874e-38
   2.6955700e-01   6.7475050e-38
   2.7320020e-01   6.2612200e-38
   2.7689260e-01   5.0353969e-38
   2.8063500e-01   4.1819800e-38
   2.8442790e-01   3.9277453e-38
   2.8715540e-01   4.1160010e-38
   2.8990900e-01   4.6527655e-38
   2.9268910e-01   5.5984813e-38
   2.9549580e-01   6.8988069e-38
   2.9832940e-01   8.0598529e-38
   3.0119020e-01   8.2051540e-38
   3.0407850e-01   7.2545275e-38
   3.0699450e-01   6.0583964e-38
   3.0993830e-01   5.1946250e-38
   3.1291040e-01   4.7846050e-38
   3.1591100e-01   4.8223326e-38
   3.1894050e-01   5.3404899e-38
   3.2199890e-01   6.4333960e-38
   3.2508670e-01   8.1044752e-38
   3.2820400e-01   9.7341691e-38
   3.3135130e-01   9.9467257e-38
   3.3452880e-01   8.6016619e-38
   3.3773670e-01   7.0531887e-38
   3.4097540e-01   6.0699015e-38
   3.4424520e-01   5.7505095e-38
   3.4754630e-01   6.0921396e-38
   3.5087910e-01   7.1911126e-38
   3.5424380e-01   9.1396596e-38
   3.5764080e-01   1.1331996e-37
   3.6107030e-01   1.1817438e-37
   3.6453280e-01   1.0095216e-37
   3.6802850e-01   8.1270777e-38
   3.7155760e-01   6.9854120e-38
   3.7512060e-01   6.7623506e-38
   3.7871780e-01   7.4764895e-38
   3.8153470e-01   8.7923517e-38
   3.8437260e-01   1.0816462e-37
   3.8723170e-01   1.3054622e-37
   3.9011200e-01   1.4076138e-37
   3.9301360e-01   1.2978590e-37
   3.9593690e-01   1.0893987e-37
   3.9888200e-01   9.1506069e-38
   4.0184890e-01   8.1630376e-38
   4.0483790e-01   7.9354383e-38
   4.0784900e-01   8.4714759e-38
   4.1088280e-01   9.8798131e-38
   4.1393890e-01   1.2247823e-37
   4.1701790e-01   1.5020322e-37
   4.2011970e-01   1.6260895e-37
   4.2324460e-01   1.4730812e-37
   4.2639270e-01   1.2120369e-37
   4.2956430e-01   1.0134761e-37
   4.3275940e-01   9.1746290e-38
   4.3597830e-01   9.2110429e-38
   4.3922120e-01   1.0297046e-37
   4.4248820e-01   1.2618679e-37
   4.4577940e-01   1.6009793e-37
   4.4909520e-01   1.8586170e-37
   4.5243560e-01   1.7664965e-37
   4.5580090e-01   1.4518333e-37
   4.5919120e-01   1.1887090e-37
   4.6260670e-01   1.0591237e-37
   4.6604760e-01   1.0612336e-37
   4.6951420e-01   1.2015846e-37
   4.7300640e-01   1.5033967e-37
   4.7588110e-01   1.8431635e-37
   4.7877320e-01   2.1003110e-37
   4.8168290e-01   2.0562370e-37
   4.8461030e-01   1.7661292e-37
   4.8755540e-01   1.4630916e-37
   4.9051850e-01   1.2626993e-37
   4.9349960e-01   1.1786018e-37
   4.9649870e-01   1.2060243e-37
   4.9951620e-01   1.3532753e-37
   5.0255190e-01   1.6394223e-37
   5.0560620e-01   2.0423232e-37
   5.0867890e-01   2.3688516e-37
   5.1177040e-01   2.3211515e-37
   5.1488050e-01   1.9669669e-37
   5.1800970e-01   1.6141801e-37
   5.2115780e-01   1.3988393e-37
   5.2432510e-01   1.3303133e-37
   5.2751160e-01   1.4047377e-37
   5.3071760e-01   1.6389875e-37
   5.3394290e-01   2.0484341e-37
   5.3718790e-01   2.5199326e-37
   5.4045260e-01   2.6763405e-37
   5.4373720e-01   2.3486120e-37
   5.4704160e-01   1.9000306e-37
   5.5036620e-01   1.5975865e-37
   5.5371100e-01   1.4801702e-37
   5.5707610e-01   1.5398796e-37
   5.6046170e-01   1.7941366e-37
   5.6386780e-01   2.2667131e-37
   5.6729460e-01   2.8220967e-37
   5.7020960e-01   2.9952426e-37
   5.7313950e-01   2.7153844e-37
   5.7608460e-01   2.2585306e-37
   5.7904470e-01   1.8947216e-37
   5.8202000e-01   1.6955107e-37
   5.8501060e-01   1.6560822e-37
   5.8801670e-01   1.7759136e-37
   5.9103810e-01   2.0757947e-37
   5.9407500e-01   2.5655562e-37
   5.9712760e-01   3.1105305e-37
   6.0019590e-01   3.3113177e-37
   6.0327990e-01   2.9664035e-37
   6.0637980e-01   2.4347761e-37
   6.0949550e-01   2.0366474e-37
   6.1262740e-01   1.8406588e-37
   6.1577520e-01   1.8371690e-37
   6.1893940e-01   2.0317908e-37
   6.2211970e-01   2.4547804e-37
   6.2531640e-01   3.0827858e-37
   6.2852940e-01   3.6096400e-37
   6.3175900e-01   3.5239966e-37
   6.3500530e-01   2.9468656e-37
   6.3826810e-01   2.3988288e-37
   6.4154770e-01   2.0851561e-37
   6.4484420e-01   2.0106695e-37
   6.4815780e-01   2.1713261e-37
   6.5148820e-01   2.5988584e-37
   6.5483570e-01   3.2901902e-37
   6.5820060e-01   3.9302768e-37
   6.6158260e-01   3.8762441e-37
   6.6452740e-01   3.3136348e-37
   6.6748510e-01   2.7348915e-37
   6.7045620e-01   2.3548464e-37
   6.7344040e-01   2.1947923e-37
   6.7643790e-01   2.2429194e-37
   6.7944880e-01   2.5120786e-37
   6.8247310e-01   3.0335850e-37
   6.8551080e-01   3.7604784e-37
   6.8856200e-01   4.3378333e-37
   6.9162680e-01   4.2374671e-37
   6.9470530e-01   3.5887516e-37
   6.9779750e-01   2.9416142e-37
   7.0090340e-01   2.5395411e-37
   7.0402310e-01   2.3980864e-37
   7.0715680e-01   2.5058474e-37
   7.1030430e-01   2.8860683e-37
   7.1346590e-01   3.5669992e-37
   7.1664160e-01   4.3950284e-37
   7.1983150e-01   4.7761658e-37
   7.2303540e-01   4.3026804e-37
   7.2625370e-01   3.5041510e-37
   7.2948630e-01   2.9080016e-37
   7.3273330e-01   2.6245949e-37
   7.3599470e-01   2.6367681e-37
   7.3927070e-01   2.9548422e-37
   7.4256120e-01   3.6232948e-37
   7.4586630e-01   4.5602914e-37
   7.4918620e-01   5.1790577e-37
   7.5252090e-01   4.8051182e-37
   7.5587040e-01   3.9084966e-37
   7.5883810e-01   3.2656413e-37
   7.6181730e-01   2.9087458e-37
   7.6480830e-01   2.8275774e-37
   7.6781100e-01   3.0174345e-37
   7.7082550e-01   3.5099404e-37
   7.7385190e-01   4.3213321e-37
   7.7689010e-01   5.2366266e-37
   7.7994020e-01   5.5999075e-37
   7.8300240e-01   5.0439853e-37
   7.8607640e-01   4.1441754e-37
   7.8916260e-01   3.4526048e-37
   7.9226110e-01   3.0960811e-37
   7.9537150e-01   3.0571367e-37
   7.9849430e-01   3.3374584e-37
   8.0162920e-01   3.9806610e-37
   8.0477650e-01   4.9696353e-37
   8.0793610e-01   5.8920362e-37
   8.1110820e-01   5.9158695e-37
   8.1429270e-01   5.0391755e-37
   8.1748960e-01   4.0924846e-37
   8.2069910e-01   3.4961996e-37
   8.2392130e-01   3.2835479e-37
   8.2715610e-01   3.4350758e-37
   8.3040370e-01   3.9837784e-37
   8.3366380e-01   4.9640803e-37
   8.3693690e-01   6.1012237e-37
   8.4022280e-01   6.4712951e-37
   8.4352160e-01   5.6586893e-37
   8.4683340e-01   4.5575245e-37
   8.5015810e-01   3.8158294e-37
   8.5314390e-01   3.5315113e-37
   8.5614010e-01   3.5826545e-37
   8.5914690e-01   3.9840460e-37
   8.6216420e-01   4.7828013e-37
   8.6519220e-01   5.9174495e-37
   8.6823080e-01   6.8644390e-37
   8.7128000e-01   6.7765857e-37
   8.7433990e-01   5.7742293e-37
   8.7741070e-01   4.7247600e-37
   8.8049210e-01   4.0494081e-37
   8.8358440e-01   3.7834518e-37
   8.8668760e-01   3.9032168e-37
   8.8980170e-01   4.4352776e-37
   8.9292670e-01   5.4271967e-37
   8.9606260e-01   6.7070940e-37
   8.9920960e-01   7.4603780e-37
   9.0236770e-01   6.9069596e-37
   9.0553680e-01   5.6769293e-37
   9.0871710e-01   4.6680884e-37
   9.1190850e-01   4.1295892e-37
   9.1511120e-01   4.0415874e-37
   9.1832510e-01   4.3998838e-37
   9.2155020e-01   5.2629062e-37
   9.2478670e-01   6.6032234e-37
   9.2803460e-01   7.8122989e-37
   9.3129390e-01   7.7260109e-37
   9.3456450e-01   6.4783069e-37
   9.3784670e-01   5.2401586e-37
   9.4114050e-01   4.5117511e-37
   9.4444580e-01   4.3076211e-37
   9.4744630e-01   4.5563337e-37
   9.5045630e-01   5.2583672e-37
   9.5347590e-01   6.4451514e-37
   9.5650490e-01   7.8382213e-37
   9.5954420e-01   8.4925993e-37
   9.6259220e-01   7.7488284e-37
   9.6565060e-01   6.3872000e-37
   9.6871860e-01   5.2930878e-37
   9.7179610e-01   4.6988749e-37
   9.7488320e-01   4.5814163e-37
   9.7798070e-01   4.9324833e-37
   9.8108780e-01   5.8085403e-37
   9.8420450e-01   7.2128841e-37
   9.8733160e-01   8.6572753e-37
   9.9046830e-01   8.9420702e-37
   9.9361550e-01   7.7761780e-37
   9.9677220e-01   6.3189351e-37
   9.9993840e-01   5.3245567e-37
   1.0031150e+00   4.8948633e-37
   1.0063020e+00   4.9923989e-37
   1.0094990e+00   5.6431421e-37
   1.0127070e+00   6.9140090e-37
   1.0159230e+00   8.5935125e-37
   1.0191520e+00   9.5837404e-37
   1.0223900e+00   8.8187632e-37
   1.0256370e+00   7.1919253e-37
   1.0288960e+00   5.9024310e-37
   1.0321650e+00   5.2491851e-37
   1.0354440e+00   5.1968556e-37
   1.0387330e+00   5.7485617e-37
