8.343631758107906939e-38	5.760646279117794535e-24
8.343631580857245259e-37	5.804959210497264011e-24
8.343631580857246261e-36	5.834500972728693026e-24
8.343632038754789638e-35	6.019136798346299425e-24
9.995903227680446623e-34	8.567115626089990214e-24
1.156545764779204987e-32	1.211212891068081416e-23
1.404386579748772230e-31	3.330835445636685513e-23
4.807924266210808738e-30	1.565714166351965477e-22
1.569554700758486418e-28	8.493260962020868104e-22
8.049543353278943375e-27	7.710404093022768032e-21
4.104091370047027957e-26	1.936463467731056542e-20
2.008249911992246865e-25	4.864791994918719978e-20
9.508463995767528335e-25	1.221552490862560189e-19
4.350321992736018382e-24	3.069390689624394171e-19
1.914897940977587221e-23	7.710403472645451774e-19
8.058701481400324577e-23	1.936463526814610684e-18
3.230836530483839324e-22	4.865530760907105231e-18
4.344561346220565862e-22	6.124748887463802070e-18
1.185467223548028312e-21	1.222290965864442148e-17
3.166435353222566329e-21	2.438673691541350992e-17
8.310692455186995649e-21	4.866269349644829091e-17
2.151232156996131378e-20	9.711859588326032257e-17
5.515154112228532168e-20	1.937940497497618577e-16
7.218533151432849524e-20	2.440150869016797848e-16
1.345731328335471147e-19	3.867756947236045186e-16
2.502336294835788531e-19	6.130657183780712154e-16
3.411041192947317021e-19	7.717789064604915480e-16
4.160220775893210012e-19	9.719244456511960121e-16
5.667146953719447417e-19	1.223768099027223581e-15
1.050801028651695126e-18	1.939417719285730906e-15
1.946359918714167429e-18	3.075298853003307365e-15
3.603505884888307650e-18	4.875131897516413091e-15
4.677349567547897744e-18	6.138781246310792288e-15
6.362707709195922889e-18	7.725174671335268573e-15
8.657661113518540592e-18	9.734015669972665520e-15
1.177195562914600537e-17	1.225245236621271518e-14
1.601016575098847113e-17	1.543557848371115445e-14
2.067776666506359893e-17	1.943110352785689595e-14
2.812081797163315919e-17	2.446797680216988522e-14
3.823149159380315039e-17	3.081207326570878991e-14
4.914569977792957113e-17	3.880312335400026662e-14
6.682349839757224197e-17	4.886948667400894403e-14
9.087197812587819867e-17	6.153552400687944153e-14
1.235023519019284382e-16	7.747331269963000231e-14
1.679450037352667011e-16	9.763557314036988077e-14
2.145471643418675691e-16	1.228937920342251212e-13
2.389043447093903019e-16	1.361875875494194413e-13
2.717843425129702121e-16	1.547989144463240331e-13
3.695233117251393371e-16	1.949757237840322556e-13
4.804674567344333288e-16	2.455660272401238043e-13
6.447788056504376238e-16	3.175002571949458142e-13
6.517949865510213109e-16	3.293908150529345195e-13
6.899629978881484835e-16	3.861110313286516761e-13
7.515870871085186872e-16	4.881778664403938197e-13
8.121477846155580033e-16	5.881767815932402550e-13
8.946727017443121825e-16	7.184559915858633373e-13
1.006192902542618365e-15	8.832991116900644424e-13
1.155718643767072154e-15	1.086398862554044061e-12
8.928520844688919038e-15	1.246881084497343521e-11
1.022869563363281406e-14	1.496448359922085334e-11
1.140912202184129989e-14	1.746036332664469278e-11
1.256835327564977152e-14	1.995640958051769287e-11
1.381444046221257381e-14	2.245260517605371787e-11
1.526081039141405556e-14	2.494894918294634949e-11
1.702371763587662966e-14	2.744545241854865738e-11
1.922060525451369704e-14	2.994213440418354338e-11
2.196902100611663457e-14	3.243902123000965736e-11
2.538588845942054528e-14	3.493614401119583274e-11
2.958701295737436620e-14	3.743353774384422080e-11
3.468674735871533087e-14	3.993124043978108994e-11
4.079776896179643634e-14	4.242929246110975239e-11
4.803093517190321719e-14	4.492773600110292123e-11
5.649519574537183613e-14	4.742661467435541574e-11
6.588467577696487335e-14	4.997049627209412688e-11
7.461341867372919329e-14	5.247252478751725426e-11
8.465675099672871404e-14	5.497499945625984519e-11
9.613401159633371535e-14	5.747796245727130187e-11
1.091632610485153608e-13	5.998145746564876651e-11
1.238610025538693624e-13	6.248552940617850267e-11
1.403419433862718341e-13	6.499022423599855788e-11
1.587187927449883942e-13	6.749558875225770634e-11
1.791020923184951221e-13	7.000167042141783739e-11
2.016000762485587427e-13	7.250851722745269040e-11
2.263185574997174735e-13	7.501617753660453552e-11
2.533608378796931896e-13	7.752469997682641220e-11
2.828276392435634623e-13	8.003413333021076720e-11
3.148170535647810243e-13	8.254452643703800290e-11
3.494245097981221365e-13	8.505592811019775398e-11
3.867427556042382123e-13	8.756838705893375635e-11
4.268618521860727798e-13	9.008195182097948108e-11
4.698691806211783769e-13	9.259667070225958873e-11
5.158494582436228681e-13	9.511259172341218574e-11
5.648847637260540660e-13	9.762976257250760715e-11
6.170545696678795662e-13	1.001482305633449945e-10
6.724357815770485527e-13	1.026680425988300503e-10
7.311027822818037853e-13	1.051892451389399873e-10
7.931274808548953771e-13	1.077118841728563825e-10
8.585793652767396957e-13	1.102360051948722619e-10
9.275255581018464023e-13	1.127616531837257042e-10
1.000030874511437798e-12	1.152888725850342077e-10
1.076157882166586921e-12	1.178177072965439276e-10
1.155966962377062740e-12	1.203482006559141314e-10
1.239516372134017371e-12	1.228803954308192846e-10
1.326862306625553914e-12	1.254143338111133757e-10
1.418058961886862392e-12	1.279500574028926206e-10
1.513158597304312882e-12	1.304876072242350946e-10
1.612211597704903348e-12	1.330270237024824620e-10
1.715266534820558272e-12	1.355683466728795222e-10
1.822370227943328508e-12	1.381116153784484268e-10
1.933567803603663383e-12	1.406568684709829506e-10
2.048902754150751375e-12	1.432041440130019819e-10
2.168416995125159339e-12	1.457534794806051830e-10
2.292150921329189143e-12	1.483049117670962216e-10
2.420143461532298653e-12	1.508584771873099342e-10
2.552432131755746707e-12	1.534142114825371782e-10
2.689053087096483589e-12	1.559721498260115981e-10
2.829566295993533248e-12	1.585316948578898508e-10
2.972200436748073484e-12	1.610904708030423024e-10
3.117945138497085124e-12	1.636497733491687982e-10
3.267142778337904132e-12	1.662100424504631734e-10
3.419962148007293964e-12	1.687714892970811182e-10
3.576513814609561234e-12	1.713342490983455531e-10
3.736880099161596897e-12	1.738984206819440412e-10
3.901127025377244703e-12	1.764640822305805715e-10
4.069310151948808686e-12	1.790312989345931824e-10
4.241477798616633887e-12	1.816001272047442887e-10
4.417672992116096559e-12	1.841706171979344039e-10
4.597934717924746052e-12	1.867428144295221946e-10
4.782298766811489537e-12	1.893167608535347832e-10
4.970798330965171412e-12	1.918924956147833739e-10
5.163464438096422293e-12	1.944700555892800443e-10
5.360326276664660503e-12	1.970494757828938744e-10
5.561411445599043972e-12	1.996307896320809884e-10
5.766746150198164322e-12	2.022140292351771270e-10
5.976355358764126753e-12	2.047992255333143520e-10
6.190262929983090290e-12	2.073864084540772703e-10
6.408491718108460721e-12	2.099756070271123556e-10
6.631063661023287437e-12	2.125668494783095436e-10
6.857999854882777659e-12	2.151601633073834503e-10
7.089320618120432029e-12	2.177555753524260298e-10
7.325045546886526132e-12	2.203531118441503905e-10
7.565193563526671732e-12	2.229527984518548956e-10
7.809782959334103897e-12	2.255546603227107521e-10
8.058831432546618254e-12	2.281587221155984544e-10
8.312356122356161650e-12	2.307650080304682241e-10
8.570373639546673080e-12	2.333735418339949133e-10
8.832900094254980748e-12	2.359843468821472396e-10
9.099951121257120473e-12	2.385974461401673262e-10
9.371541903117010981e-12	2.412128622003615468e-10
9.647687191463781694e-12	2.438306172980440965e-10
9.928401326635241095e-12	2.464507333258952956e-10
1.021369825587008256e-11	2.490732318469658518e-10
1.050359155022007181e-11	2.516981341065056975e-10
1.079809442031214312e-11	2.543254610427956616e-10
1.109721973108352494e-11	2.569552332970832014e-10
1.140098001558793526e-11	2.595874712227565071e-10
1.170938748796268458e-11	2.622221948938428010e-10
1.202245405563439956e-11	2.648594241129120994e-10
1.234019133082464005e-11	2.674991784184553537e-10
1.266261064141893442e-11	2.701414770917908400e-10
1.298972304125178172e-11	2.727863391635614555e-10
1.332153931984822687e-11	2.754337834198475320e-10
1.365807001166679950e-11	2.780838284079625286e-10
1.399932540488203780e-11	2.807364924419258133e-10
1.434531554973239048e-11	2.833917936076762794e-10
1.469605026647406235e-11	2.860497497680305692e-10
1.505153915295389490e-11	2.887103785674238014e-10
1.541179159183932226e-11	2.913736974364276832e-10
1.577681675751579734e-11	2.940397235961001362e-10
1.614662362268227121e-11	2.967084740621406382e-10
1.652122096465225116e-11	2.993799656488964657e-10
1.690061737138735293e-11	3.020542149732194235e-10
1.728482124727333176e-11	3.047312384581797822e-10
1.767384081865278973e-11	3.074110523366540190e-10
1.806768413913468012e-11	3.100936726547929277e-10
1.846635909467746149e-11	3.127791152753781107e-10
1.886987340847933132e-11	3.154673958810715063e-10
1.927823464566614934e-11	3.181585299775681359e-10
1.969145021779871240e-11	3.208525328966532602e-10
2.010952738720321619e-11	3.235494197991732503e-10
2.053247327113692712e-11	3.262492056779241535e-10
2.096029484579670607e-11	3.289519053604584211e-10
2.139299895017085240e-11	3.316575335118188951e-10
2.183059228975704822e-11	3.343661046372021231e-10
2.227308144013558147e-11	3.370776330845514662e-10
2.272047285041546444e-11	3.397921330470857383e-10
2.317277284655619069e-11	3.425096185657672026e-10
2.362998763456912442e-11	3.452301035317119250e-10
2.409212330360650305e-11	3.479536016885360709e-10
2.455918582894118412e-11	3.506801266346554682e-10
2.503118107484337266e-11	3.534096918255277314e-10
2.550811479735640345e-11	3.561423105758481163e-10
2.598999264697884835e-11	3.588779960616892809e-10
2.647682017125532990e-11	3.616167613226006702e-10
2.696860281727842613e-11	3.643586192636645248e-10
2.746534593410768260e-11	3.671035826574970895e-10
2.796705477511267266e-11	3.698516641462177688e-10
2.847373450022890634e-11	3.726028762433758884e-10
2.898539017815092528e-11	3.753572313358307220e-10
2.950202678844801100e-11	3.781147416856024632e-10
3.002364922361251354e-11	3.808754194316782189e-10
3.055026229104564712e-11	3.836392765917868804e-10
3.108187071497715988e-11	3.864063250641356861e-10
3.161847913832543042e-11	3.891765766291112146e-10
3.216009212450163919e-11	3.919500429509567523e-10
3.270671415915484815e-11	3.947267355794025107e-10
3.325834965186672586e-11	3.975066659512742349e-10
3.381500293779068985e-11	4.002898453920711534e-10
3.437667827924517280e-11	4.030762851175088254e-10
3.494337986725646301e-11	4.058659962350383098e-10
3.551511182305656052e-11	4.086589897453334872e-10
3.609187819953583542e-11	4.114552765437527399e-10
3.667368298265388787e-11	4.142548674217703367e-10
3.726053009280791804e-11	4.170577730683883261e-10
3.785242338616234143e-11	4.198640040715162224e-10
3.844936665594067046e-11	4.226735709193268578e-10
3.905136363367764625e-11	4.254864840015930030e-10
3.965841799043879360e-11	4.283027536109906939e-10
4.027053333800436850e-11	4.311223899443910804e-10
4.088771323001959157e-11	4.339454031041179997e-10
4.150996116311408833e-11	4.367718030991894711e-10
4.207248030667253344e-11	4.396218061598673860e-10
4.260222400696352758e-11	4.424866708054020250e-10
4.312186303259104367e-11	4.453591583270334994e-10
4.363648216259928945e-11	4.482376013486943160e-10
4.414850757716173907e-11	4.511211892567221432e-10
4.465936052350677335e-11	4.540094395298470359e-10
4.516997138361348142e-11	4.569020319085419262e-10
4.568099418002731982e-11	4.597987385978715029e-10
4.619291225975212035e-11	4.626993895853597809e-10
4.670609640293680280e-11	4.656038534097658831e-10
4.722083939233735365e-11	4.685120256237301566e-10
4.773737784333504217e-11	4.714238214470114156e-10
4.825590665117030284e-11	4.743391708637987215e-10
4.877658892172901085e-11	4.772580152247388845e-10
4.929956301512200556e-11	4.801803048170307549e-10
4.982494767493259400e-11	4.831059970804724038e-10
5.035284584842247518e-11	4.860350552680251344e-10
5.088334758764719805e-11	4.889674474204808230e-10
5.141653229033867276e-11	4.919031455681715204e-10
5.195247045690136992e-11	4.948421251001541750e-10
5.249122508643857811e-11	4.977843642591084052e-10
5.303285279923551280e-11	5.007298437320875470e-10
5.357740474899692093e-11	5.036785463154248927e-10
5.412492737144114082e-11	5.066304566377031489e-10
5.467546300402789487e-11	5.095855609287290954e-10
5.522905040315354273e-11	5.125438468253488004e-10
5.578572517897034463e-11	5.155053032070357544e-10
5.634552016344428130e-11	5.184699200557514819e-10
5.690846572386581189e-11	5.214376883357707773e-10
5.747459003145173633e-11	5.244085998900281160e-10
5.804391929272766527e-11	5.273826473502433433e-10
5.861647794984881122e-11	5.303598240586207581e-10
5.919228885485258978e-11	5.333401239993104777e-10
5.977137342190728595e-11	5.363235417381541209e-10
6.035375176088908272e-11	5.393100723695201519e-10
6.093944279502998858e-11	5.422997114691948075e-10
6.152846436492487818e-11	5.452924550525096969e-10
6.212083332079747968e-11	5.482882995369881872e-10
6.271656560461683013e-11	5.512872417089338197e-10
6.331567632341581197e-11	5.542892786934349841e-10
6.391817981494035534e-11	5.572944079273800115e-10
6.452408970660328528e-11	5.603026271351108713e-10
6.513341896856236911e-11	5.633139343063949373e-10
6.574617996163740293e-11	5.663283276764603638e-10
6.636238448066482845e-11	5.693458057078450546e-10
6.698204379382130472e-11	5.723663670738735229e-10
6.760516867836781098e-11	5.753900106435796642e-10
6.823176945321468747e-11	5.784167354679140360e-10
6.886185600863967580e-11	5.814465407671137409e-10
6.949543783347467029e-11	5.844794259191167277e-10
7.013252404001181596e-11	5.875153904489051205e-10
7.077312338687063226e-11	5.905544340186976481e-10
7.141724430002254026e-11	5.935965564189023565e-10
7.206489489215795248e-11	5.966417575597688049e-10
7.271608298055342586e-11	5.996900374636605451e-10
7.337081610358245819e-11	6.027413962578978372e-10
7.402910153599263514e-11	6.057958341681332777e-10
7.469094630306508829e-11	6.088533515121883728e-10
7.535635719375401353e-11	6.119139486943258300e-10
7.602534077289960516e-11	6.149776261999296494e-10
7.669790339258718430e-11	6.180443845905349052e-10
7.737405120273860049e-11	6.211142244992006013e-10
7.805379016098018614e-11	6.241871466261911677e-10
7.873712604187261878e-11	6.272631517349321677e-10
7.942406444552991040e-11	6.303422406482369071e-10
8.011461080569303918e-11	6.334244142447635160e-10
8.080877039729344346e-11	6.365096734557065364e-10
8.150654834354902938e-11	6.395980192616821738e-10
8.220794962262602505e-11	6.426894526898133128e-10
8.291297907390443427e-11	6.457839748109841043e-10
8.362164140386570128e-11	6.488815867372667105e-10
8.433394119164576814e-11	6.519822896194935294e-10
8.504988289426290787e-11	6.550860846449744866e-10
8.575940844572321361e-11	6.581933821425185971e-10
8.646007127539905759e-11	6.613042190249336205e-10
8.715754237517468372e-11	6.644183150297889530e-10
8.785342972619770001e-11	6.675355759595828517e-10
8.854860780814731364e-11	6.706559445319535692e-10
8.924364559603058439e-11	6.737793799402208489e-10
8.993894956727066314e-11	6.769058506965754246e-10
9.063482762211703533e-11	6.800353312954299188e-10
9.133152260963134497e-11	6.831678003927483028e-10
9.202923184191646662e-11	6.863032397056122690e-10
9.272811932519178162e-11	6.894416332971196622e-10
9.342832386424370854e-11	6.925829670857695964e-10
9.412996467084990762e-11	6.957272284943528224e-10
9.483314538279059484e-11	6.988744061900321408e-10
9.553795702780182842e-11	7.020244898865217446e-10
9.624448026261716200e-11	7.051774701900203841e-10
9.695278709936684015e-11	7.083333384768405420e-10
9.766294226031527096e-11	7.114920867945811329e-10
9.837500425739636186e-11	7.146537077811320459e-10
9.908902626407319430e-11	7.178181945974666502e-10
9.980505682793925809e-11	7.209855408712218736e-10
1.005231404593619276e-10	7.241557406488833371e-10
1.012433181223891330e-10	7.273287883548915106e-10
1.019656276476979166e-10	7.305046787563857234e-10
1.026901040826746003e-10	7.336834069325965178e-10
1.034167799903233753e-10	7.368649682480931799e-10
1.041456857061525672e-10	7.400493583292667882e-10
1.048768495602643189e-10	7.432365730435373748e-10
1.056102980704307086e-10	7.464266084808850498e-10
1.063460561107964465e-10	7.496194609373657395e-10
1.070841470599929571e-10	7.528151269003367070e-10
1.078245929317366914e-10	7.560136030351653099e-10
1.085674144904766405e-10	7.592148861732210271e-10
1.093126313541727680e-10	7.624189733009962753e-10
1.100602620859883474e-10	7.656258615502191194e-10
1.108103242763463305e-10	7.688355481888345223e-10
1.115628346166183446e-10	7.720480306127674870e-10
1.123178089654810049e-10	7.752633063383562154e-10
1.130752624088415049e-10	7.784813729954203345e-10
1.138352093141101260e-10	7.817022283208566576e-10
1.145976633794620608e-10	7.849258701527466593e-10
1.153626376786709770e-10	7.881522964248857105e-10
1.161301447019999548e-10	7.913815051617373792e-10
1.169001963935759621e-10	7.946134944737246022e-10
1.176728041856275842e-10	7.978482625528711666e-10
1.184479790299006325e-10	8.010858076687237095e-10
1.192257314265459023e-10	8.043261281645656090e-10
1.200060714507341743e-10	8.075692224538599008e-10
1.207890087772046344e-10	8.108150890169318702e-10
1.215745527029580830e-10	8.140637263978612311e-10
1.223627121682633415e-10	8.173151332015615585e-10
1.231534957761334784e-10	8.205693080910351857e-10
1.239469118103982581e-10	8.238262497848007761e-10
1.247429682525231785e-10	8.270859570544551053e-10
1.255416727972490006e-10	8.303484287223932476e-10
1.263430328671817671e-10	8.336136636596447750e-10
1.271470556264121758e-10	8.368816607838282429e-10
1.279537479932257787e-10	8.401524190572292360e-10
1.287631166520140725e-10	8.434259374849721959e-10
1.295751680644163888e-10	8.467022151132852026e-10
1.303899084797686070e-10	8.499812510278702222e-10
1.312073439449127407e-10	8.532630443523364267e-10
1.320274803134116008e-10	8.565475942467312248e-10
1.328503232542097382e-10	8.598348999061329172e-10
1.336758782597954158e-10	8.631249605593139729e-10
1.345041506538804635e-10	8.664177754674715138e-10
1.353351455986460964e-10	8.697133439230195275e-10
1.361688681015834394e-10	8.730116652484297804e-10
1.370053230219516886e-10	8.763127387951365274e-10
1.378445150768845392e-10	8.796165639424870264e-10
1.386864488471684040e-10	8.829231400967367205e-10
1.395311287827083975e-10	8.862324666900925005e-10
1.403785592077136978e-10	8.895445431797999109e-10
1.412287443256096817e-10	8.928593690472647874e-10
1.420816882237029129e-10	8.961769437972155301e-10
1.429373948776018020e-10	8.994972669569071485e-10
1.437958681554289978e-10	9.028203380753441256e-10
1.446571118218133356e-10	9.061461567225519819e-10
1.455211295417030098e-10	9.094747224888646595e-10
1.463879248839735038e-10	9.128060349842535748e-10
1.472575013248893405e-10	9.161400938376736292e-10
1.481298622513823024e-10	9.194768986964403418e-10
1.490050109641871443e-10	9.228164492256316948e-10
1.498829506808359353e-10	9.261587451075091067e-10
1.507636845385054472e-10	9.295037860409699423e-10
1.516472155967513738e-10	9.328515717410053994e-10
1.525335468401069452e-10	9.362021019381999606e-10
1.534226811805787381e-10	9.395553763782253661e-10
1.543146214600259576e-10	9.429113948213795636e-10
1.552093704524421632e-10	9.462701570421201785e-10
1.561069308661397236e-10	9.496316628286269356e-10
1.570073053458388351e-10	9.529959119823783490e-10
1.579104964746740558e-10	9.563629043177397863e-10
1.588165067761149663e-10	9.597326396615726260e-10
1.597253387158087670e-10	9.631051178528506523e-10
1.606369947033506768e-10	9.664803387422944410e-10
1.615514770939809461e-10	9.698583021920162929e-10
1.624687881902143247e-10	9.732390080751775736e-10
1.633889302434109817e-10	9.766224562756586686e-10
1.643119054552763127e-10	9.800086466877382443e-10
1.652377159793134174e-10	9.833975792157888453e-10
1.661663639222157103e-10	9.867892537739716645e-10
1.670978513452020411e-10	9.901836702859569566e-10
1.680321802653133010e-10	9.935808286846357653e-10
1.689693526566497553e-10	9.969807289118570867e-10
1.699093704515677412e-10	1.000383370918163792e-09
1.708522355418358595e-10	1.003788754662543026e-09
1.717979497797407859e-10	1.007196880112175570e-09
1.727465149791637946e-10	1.010607747242207335e-09
1.736979329166110897e-10	1.014021356035511961e-09
1.746522053322105834e-10	1.017437706482476161e-09
1.756093339306764663e-10	1.020856798580778866e-09
1.765693203822345638e-10	1.024278632335187118e-09
1.775321663235242734e-10	1.027703207757350723e-09
1.784978733584596853e-10	1.031130524865607653e-09
1.794664430590712392e-10	1.034560583684794627e-09
1.804378769663124831e-10	1.037993384246063681e-09
1.814121765908445257e-10	1.041428926586700808e-09
1.823893434137901917e-10	1.044867210749956180e-09
1.833693788874685071e-10	1.048308236784872508e-09
1.843522844361024552e-10	1.051752004746125604e-09
1.853380614565022281e-10	1.055198514693863286e-09
1.863267113187323735e-10	1.058647766693550282e-09
1.873182353667525496e-10	1.062099760815826575e-09
1.883126349190392544e-10	1.065554497136351274e-09
1.893099112691912451e-10	1.069011975735671091e-09
1.903100656865124670e-10	1.072472196699080135e-09
1.913130994165780521e-10	1.075935160116484253e-09
1.923190136817847306e-10	1.079400866082279228e-09
1.933278096818837156e-10	1.082869314695216363e-09
1.943394885944945895e-10	1.086340506058287917e-09
1.953540515756130116e-10	1.089814440278603852e-09
1.963714997600880017e-10	1.093291117467279754e-09
1.973918342621012907e-10	1.096770537739323714e-09
1.984150561756238476e-10	1.100252701213525071e-09
1.994411665748587562e-10	1.103737608012352671e-09
2.004701665146772176e-10	1.107225258261847333e-09
2.015020570310346732e-10	1.110715652091525481e-09
2.025368391413819140e-10	1.114208789634279472e-09
2.035745138450602657e-10	1.117704671026282259e-09
2.046150821236886576e-10	1.121203296406895164e-09
2.056585449415334242e-10	1.124704665918580608e-09
2.067049032458800970e-10	1.128208779706809677e-09
2.077541579673824746e-10	1.131715637919981260e-09
2.088063100204098317e-10	1.135225240709337061e-09
2.098613603033809195e-10	1.138737588228879704e-09
2.109193096990920716e-10	1.142252680635297671e-09
2.119801590750325929e-10	1.145770518087884441e-09
2.130439092836982604e-10	1.149291100748466320e-09
2.141105611628866277e-10	1.152814428781330477e-09
2.151801155359973679e-10	1.156340502353149463e-09
2.162525732123101297e-10	1.159869321632919585e-09
2.173279349872707156e-10	1.163400886791885428e-09
2.184062016427558315e-10	1.166935198003480917e-09
2.194873739473405762e-10	1.170472255443262523e-09
2.205714526565564701e-10	1.174012059288847223e-09
2.216584385131401521e-10	1.177554609719851911e-09
2.227483322472794918e-10	1.181099906917833632e-09
2.238411345768534460e-10	1.184647951066233955e-09
2.249368462076617307e-10	1.188198742350320245e-09
2.260354678336548286e-10	1.191752280957131894e-09
2.271370001371548727e-10	1.195308567075428209e-09
2.282414437890693687e-10	1.198867600895634438e-09
2.293487994491057968e-10	1.202429382609789452e-09
2.304590677659750465e-10	1.205993912411501906e-09
2.315722493775931710e-10	1.209561190495894607e-09
2.326883449112761367e-10	1.213131217059563364e-09
2.338073549839340811e-10	1.216703992300527357e-09
2.349292802022557229e-10	1.220279516418185091e-09
2.360541211628938048e-10	1.223857789613271794e-09
2.371818784526391898e-10	1.227438812087815163e-09
2.383125526486001268e-10	1.231022584045094420e-09
2.394461443183699607e-10	1.234609105689599987e-09
2.405826540201924142e-10	1.238198377226990677e-09
2.417220823031276959e-10	1.241790398864062677e-09
2.428644297072088370e-10	1.245385170808699504e-09
2.440096967635985459e-10	1.248982693269848014e-09
2.451578839947397030e-10	1.252582966457474356e-09
2.463089919145055976e-10	1.256185990582530061e-09
2.474630210283434439e-10	1.259791765856919982e-09
2.486199718334195507e-10	1.263400292493466525e-09
2.497798448187550312e-10	1.267011570705878624e-09
2.509426404653641486e-10	1.270625600708717832e-09
2.521083592463858899e-10	1.274242382717369159e-09
2.532770016272153321e-10	1.277861916948008193e-09
2.544485680656310283e-10	1.281484203617575043e-09
2.556230590119182575e-10	1.285109242943742495e-09
2.568004749089940841e-10	1.288737035144886437e-09
2.579808161925233180e-10	1.292367580440062701e-09
2.591640832910393867e-10	1.296000879048976660e-09
2.603502766260559527e-10	1.299636931191955936e-09
2.615393966121803409e-10	1.303275737089927028e-09
2.627314436572232433e-10	1.306917296964392155e-09
2.639264181623073379e-10	1.310561611037397613e-09
2.651243205219721345e-10	1.314208679531516403e-09
2.663251511242760791e-10	1.317858502669821147e-09
2.675289103509001069e-10	1.321511080675865055e-09
2.687355985772450947e-10	1.325166413773653188e-09
2.699452161725309153e-10	1.328824502187627149e-09
2.711577634998899611e-10	1.332485346142640065e-09
2.723732409164621144e-10	1.336148945863935284e-09
2.735916487734843416e-10	1.339815301577128594e-09
2.748129874163832858e-10	1.343484413508188986e-09
2.760372571848603110e-10	1.347156281883413432e-09
2.772644584129822855e-10	1.350830906929413437e-09
2.784945914292602672e-10	1.354508288873095809e-09
2.797276565567370816e-10	1.358188427941643016e-09
2.809636541130674029e-10	1.361871324362493330e-09
2.822025844105990249e-10	1.365556978363330076e-09
2.834444477564478756e-10	1.369245390172059296e-09
2.846892444525785640e-10	1.372936560016794864e-09
2.859369747958787231e-10	1.376630488125840903e-09
2.871876390782317500e-10	1.380327174727680001e-09
2.884412375865914071e-10	1.384026620050953979e-09
2.896977706030524428e-10	1.387728824324451274e-09
2.909572384049207987e-10	1.391433787777089364e-09
2.922196412647826786e-10	1.395141510637902155e-09
2.934849794505697928e-10	1.398851993136029427e-09
2.947532532256296685e-10	1.402565235500695131e-09
2.960244628487882565e-10	1.406281237961202211e-09
2.972986085744136767e-10	1.410000000746914615e-09
2.985756906524798584e-10	1.413721524087245304e-09
2.998557093286281140e-10	1.417445808211647147e-09
3.011386648442274198e-10	1.421172853349594316e-09
3.024245574364341799e-10	1.424902659730576698e-09
3.037133873382510072e-10	1.428635227584085421e-09
3.050051547785823519e-10	1.432370557139601273e-09
3.062998599822951439e-10	1.436108648626583743e-09
3.075975031702676481e-10	1.439849502274462540e-09
3.088980845594518651e-10	1.443593118312622086e-09
3.102016043629200597e-10	1.447339496970397378e-09
3.115080627899214232e-10	1.451088638477058895e-09
3.128174600459330480e-10	1.454840543061806390e-09
3.141297963327104378e-10	1.458595210953753589e-09
3.154450718483365176e-10	1.462352642381929641e-09
3.167632867872736946e-10	1.466112837575255332e-09
3.180844413404095598e-10	1.469875796762547225e-09
3.194076554132708422e-10	1.473641527946605071e-09
3.207233172042899596e-10	1.477410105368288851e-09
3.220354781281542076e-10	1.481181472762905442e-09
3.233460986788798819e-10	1.484955601218173846e-09
3.246560191603468963e-10	1.488732474757382395e-09
3.259657425445881574e-10	1.492512081917235305e-09
3.272756131159971404e-10	1.496294413617294536e-09
3.285858852389436010e-10	1.500079462270625389e-09
3.298967564618831082e-10	1.503867221323633862e-09
3.312083857294544230e-10	1.507657684985562461e-09
3.325209043501784442e-10	1.511450848055215713e-09
3.338344230509930995e-10	1.515246705802845599e-09
3.351490119248970659e-10	1.519045258790892335e-09
3.364631555333250484e-10	1.522846818216780650e-09
3.377774723633108922e-10	1.526651271043699241e-09
3.390924558384020841e-10	1.530458527918603241e-09
3.404083308043354570e-10	1.534268551575652994e-09
3.417252472322340283e-10	1.538081318688665213e-09
3.430433184940424109e-10	1.541896812438570505e-09
3.443626359735867629e-10	1.545715019735749976e-09
3.456832762364188106e-10	1.549535929893088428e-09
3.470053051043739564e-10	1.553359533894583330e-09
3.483287802089678149e-10	1.557185823951709035e-09
3.496537527072782206e-10	1.561014793215052317e-09
3.509802684967544106e-10	1.564846435576746067e-09
3.523083691105928377e-10	1.568680745529438724e-09
3.536380923989992959e-10	1.572517718062144583e-09
3.549694730610255237e-10	1.576357348581245359e-09
3.563025430686066971e-10	1.580199632849110698e-09
3.576373320106512977e-10	1.584044566935507724e-09
3.589738673764445638e-10	1.587892147178444793e-09
3.603121747920535047e-10	1.591742370152162910e-09
3.616522782197189418e-10	1.595595232640634933e-09
3.629942001276360877e-10	1.599450731615366316e-09
3.643379616357768717e-10	1.603308864216599915e-09
3.656835826420559733e-10	1.607169627737281296e-09
3.670310819322349497e-10	1.611033019609242753e-09
3.683804772762458668e-10	1.614899037391224488e-09
3.697317855130673202e-10	1.618767678758413470e-09
3.710850226258936458e-10	1.622638941493252835e-09
3.724402038090043037e-10	1.626512823477316283e-09
3.737973435275039483e-10	1.630389322684102924e-09
3.751564555709013977e-10	1.634268437172591265e-09
3.765175531013265604e-10	1.638150165081476447e-09
3.778806486970738949e-10	1.642034504623976178e-09
3.792457543920409334e-10	1.645921454083135439e-09
3.806128817115589030e-10	1.649811011807576234e-09
3.819820417050266551e-10	1.653703176207628238e-09
3.833532449757093813e-10	1.657597945751796325e-09
3.847265017080196508e-10	1.661495318963528773e-09
3.861018216925425190e-10	1.665395294418255960e-09
3.874792143490443832e-10	1.669297870740657767e-09
3.888586887476673662e-10	1.673203046602153091e-09
3.902402536284947232e-10	1.677110820718564503e-09
3.916239174196373519e-10	1.681021191847977508e-09
3.930096882539937131e-10	1.684934158788732974e-09
3.943975739847933297e-10	1.688849720377564945e-09
3.957875822000404456e-10	1.692767875487873278e-09
3.971797202359617082e-10	1.696688623028107337e-09
3.985739951895317506e-10	1.700611961940245627e-09
3.999704139301686463e-10	1.704537891198388147e-09
4.013689831106572951e-10	1.708466409807425041e-09
4.027697091773763735e-10	1.712397516801786725e-09
4.041725983798738808e-10	1.716331211244275083e-09
4.055776567798488735e-10	1.720267492224955873e-09
4.069848902595865874e-10	1.724206358860119579e-09
4.083943045298853615e-10	1.728147810291291279e-09
4.098059051375161008e-10	1.732091845684310609e-09
4.112196974722471075e-10	1.736038464228445444e-09
4.126356867734676270e-10	1.739987665135557889e-09
4.140538781364392128e-10	1.743939447639320115e-09
4.154742765181994705e-10	1.747893810994459760e-09
4.168968867431393742e-10	1.751850754476046281e-09
4.183217135082904499e-10	1.755810277378817011e-09
4.197487613883187238e-10	1.759772379016530091e-09
4.211780348402652938e-10	1.763737058721350915e-09
4.226095382080420050e-10	1.767704315843265239e-09
4.240432757266927735e-10	1.771674149749522911e-09
4.254792515264493568e-10	1.775646559824098124e-09
4.269174696365787771e-10	1.779621545467187121e-09
4.283579339890455090e-10	1.783599106094717879e-09
4.298006484219990277e-10	1.787579241137875926e-09
4.312456166830901310e-10	1.791561950042672765e-09
4.326928424326382141e-10	1.795547232269501671e-09
4.341423292466425175e-10	1.799535087292736308e-09
4.355940806196647991e-10	1.803525514600336161e-09
4.370480999675729376e-10	1.807518513693463757e-09
4.385043906301677479e-10	1.811514084086127946e-09
4.399629558736892867e-10	1.815512225304826763e-09
4.414237988932163999e-10	1.819512936888219247e-09
4.428869228149597189e-10	1.823516218386798704e-09
4.443523306984600485e-10	1.827522069362581683e-09
4.458200255386897673e-10	1.831530489388808543e-09
4.472900102680671676e-10	1.835541478049657244e-09
4.487622877583938675e-10	1.839555034939962728e-09
4.502368608226997341e-10	1.843571159664948912e-09
4.517137322170286625e-10	1.847589851839969988e-09
4.531929046421377605e-10	1.851611111090261024e-09
4.546743807451423003e-10	1.855634937050699122e-09
4.561581631210865860e-10	1.859661329365561463e-09
4.576442543144562989e-10	1.863690287688314378e-09
4.591326568206394011e-10	1.867721811681378843e-09
4.606233730873167300e-10	1.871755901015935466e-09
4.621164055158181608e-10	1.875792555371709014e-09
4.636117564624115607e-10	1.879831774436774228e-09
4.651094282395560707e-10	1.883873557907371362e-09
4.666094231171019314e-10	1.887917905487709313e-09
4.681117433234512758e-10	1.891964816889795639e-09
4.696163910466741509e-10	1.896014291833257885e-09
4.711233684355887124e-10	1.900066330045179389e-09
4.726326776007961308e-10	1.904120931259929294e-09
4.741443206156877873e-10	1.908178095219008696e-09
4.756582995174120414e-10	1.912237821670894718e-09
4.771746163078092547e-10	1.916300110370893274e-09
4.786932729543137284e-10	1.920364961080991826e-09
4.802142713908291702e-10	1.924432373569715876e-09
4.817376135185693169e-10	1.928502347612000744e-09
4.832633012068745684e-10	1.932574882989044338e-09
4.847913362940012212e-10	1.936649979488190930e-09
4.863217205878823713e-10	1.940727636902801705e-09
4.878544558668663800e-10	1.944807855032125716e-09
4.893895438804324879e-10	1.948890633681188224e-09
4.909269863498834758e-10	1.952975972660670745e-09
4.924667849690105108e-10	1.957063871786801873e-09
4.940089414047457920e-10	1.961154330881241467e-09
4.955534572977922416e-10	1.965247349770978498e-09
4.971003342632279672e-10	1.969342928288229306e-09
4.986495738911018319e-10	1.973441066270326754e-09
5.002011777470026578e-10	1.977541763559626761e-09
5.017551473726137475e-10	1.981645020003413176e-09
5.033114842862572718e-10	1.985750835453803062e-09
5.048701899834103277e-10	1.989859209767651158e-09
5.064312659372144810e-10	1.993970142806465511e-09
5.079947135989701105e-10	1.998083634436315240e-09
5.095605343986127608e-10	2.002199684527750301e-09
5.111287297451779137e-10	2.006318292955713392e-09
5.126993010272501482e-10	2.010439459599463029e-09
5.142722496134051643e-10	2.014563184342490821e-09
5.158475768526331966e-10	2.018689467072448271e-09
5.174252840747533283e-10	2.022818307681066536e-09
5.190053725908149838e-10	2.026949706064084462e-09
5.205878436934915634e-10	2.031083662121177863e-09
5.221726986574581547e-10	2.035220175755885898e-09
5.237599387397656250e-10	2.039359246875547381e-09
5.253495651801969293e-10	2.043500875391225095e-09
5.269415792016192824e-10	2.047645061217652434e-09
5.285359820103249574e-10	2.051791804273151930e-09
5.301327747963644328e-10	2.055941104479589343e-09
5.317319587338690961e-10	2.060092961762301698e-09
5.333335349813646420e-10	2.064247376050040618e-09
5.349375046820817820e-10	2.068404347274910706e-09
5.365438689642503074e-10	2.072563875372314946e-09
5.381526289413937720e-10	2.076725960280895975e-09
5.397637857126109405e-10	2.080890601942484799e-09
5.413773403628546518e-10	2.085057800302038751e-09
5.429932939631993085e-10	2.089227555307598069e-09
5.446116475711049542e-10	2.093399866910225091e-09
5.462324022306716318e-10	2.097574735063957941e-09
5.478555589728942582e-10	2.101752159725763376e-09
5.494811188158997152e-10	2.105932140855480948e-09
5.511090827651924185e-10	2.110114678415779998e-09
5.527394518138773467e-10	2.114299772372110845e-09
5.543722269428959939e-10	2.118487422692663431e-09
5.560074091212413340e-10	2.122677629348314382e-09
5.576449993061746449e-10	2.126870392312588128e-09
5.592849984434395416e-10	2.131065711561610167e-09
5.609274074674650492e-10	2.135263587074070674e-09
5.625722273015655737e-10	2.139464018831177346e-09
5.642194588581413899e-10	2.143667006816612804e-09
5.658691030388663080e-10	2.147872551016503988e-09
5.675211607348779250e-10	2.152080651419369219e-09
5.691756328269576403e-10	2.156291308016092965e-09
