6.945316922811141594e-36	7.425915489999999879e-24
1.129571599606428952e-35	8.332010846258819165e-24
1.823296911724483987e-35	9.348670658248250538e-24
2.921491790611016091e-35	1.048938781441362084e-23
4.647673322148829334e-35	1.176928147869257057e-23
7.342214283554464507e-35	1.320534957164170874e-23
1.152003805118621006e-34	1.481664699240838088e-23
1.795512106327100066e-34	1.662455295168828922e-23
2.780358553765821058e-34	1.865305315651414298e-23
4.278183530295997257e-34	2.092907397645266981e-23
6.542293924380116585e-34	2.348280918388621934e-23
9.944362747025069769e-34	2.634814323119566371e-23
1.502665930838107031e-33	2.956310423160528458e-23
2.257597123607840012e-33	3.317034664368964077e-23
3.372780269360845175e-33	3.721773791869728456e-23
5.011226094567405990e-33	4.175898970336737398e-23
7.405758584993944056e-33	4.685435587598577322e-23
1.088725351453683937e-32	5.257145682300442019e-23
1.592365791816464118e-32	5.898614084523818694e-23
2.317360891471359822e-32	6.618353863786440706e-23
3.355984333705562719e-32	7.425915490000000761e-23
4.836929461735419956e-32	8.332010846258821222e-23
6.938886079996801500e-32	9.348670658248250245e-23
9.908896574644831552e-32	1.048938781441362173e-22
1.408705822143136862e-31	1.176928147869257027e-22
1.993967470022703030e-31	1.320534957164171139e-22
2.810348113472186284e-31	1.481664699240837853e-22
3.944456204851455921e-31	1.662455295168828863e-22
5.513644971832081163e-31	1.865305315651414122e-22
7.676332212153779524e-31	2.092907397645266981e-22
1.064557709491479049e-30	2.348280918388622287e-22
1.470692909104363126e-30	2.634814323119566136e-22
2.024174609052924945e-30	2.956310423160527870e-22
2.775756713936667988e-30	3.317034664368964194e-22
3.792769256911873196e-30	3.721773791869728338e-22
5.164234112872660298e-30	4.175898970336737634e-22
7.007482974335675544e-30	4.685435587598577087e-22
9.476678589464869921e-30	5.257145682300441549e-22
1.277377021519388990e-29	5.898614084523818223e-22
1.716249369569937829e-29	6.618353863786440941e-22
2.298630504830933216e-29	7.425915489999999820e-22
3.069119733143765349e-29	8.332010846258820281e-22
4.085472112231909213e-29	9.348670658248250715e-22
5.422271309502277753e-29	1.048938781441361985e-21
7.175586393649001944e-29	1.176928147869257121e-21
9.468829396791940109e-29	1.320534957164170998e-21
1.246015152630472000e-28	1.481664699240837994e-21
1.635169511292372877e-28	1.662455295168829145e-21
2.140124338696883061e-28	1.865305315651414075e-21
2.793670249873195018e-28	2.092907397645266840e-21
3.637425788185014072e-28	2.348280918388621911e-21
4.724093418456418826e-28	2.634814323119566042e-21
6.120261324886240589e-28	2.956310423160528246e-21
7.909884680229770147e-28	3.317034664368964288e-21
1.019857411199423904e-27	3.721773791869728620e-21
1.311893419308457990e-27	4.175898970336737163e-21
1.683711978258953939e-27	4.685435587598577651e-21
2.156086344042637973e-27	5.257145682300441549e-21
2.754945585775943186e-27	5.898614084523818035e-21
3.512585752516428743e-27	6.618353863786440941e-21
4.469163967459366430e-27	7.425915490000000384e-21
5.674516292049696121e-27	8.332010846258819905e-21
7.190385500629023018e-27	9.348670658248250339e-21
9.093130054406370728e-27	1.048938781441361909e-20
1.147701972275264071e-26	1.176928147869257008e-20
1.445825745903000035e-26	1.320534957164171036e-20
1.817983669191389171e-26	1.481664699240837957e-20
2.281742487823575134e-26	1.662455295168828919e-20
2.858653693734636042e-26	1.865305315651414226e-20
3.575111960942228154e-26	2.092907397645267141e-20
4.463399229264478980e-26	2.348280918388621986e-20
5.562939684037799582e-26	2.634814323119565967e-20
6.921808702144448587e-26	2.956310423160528321e-20
8.598556656856879929e-26	3.317034664368964363e-20
1.066437208701997926e-25	3.721773791869728320e-20
1.320573571924719033e-25	4.175898970336736712e-20
1.632752375800377910e-25	4.685435587598577500e-20
2.015679361732365312e-25	5.257145682300442151e-20
2.484725432193431024e-25	5.898614084523818788e-20
3.058465029598713312e-25	6.618353863786440790e-20
3.759316250220972202e-25	7.425915490000000685e-20
4.614304228302964549e-25	8.332010846258819905e-20
5.655971553296518746e-25	9.348670658248249737e-20
6.923461710932521728e-25	1.048938781441361939e-19
8.463805994375340735e-25	1.176928147869257008e-19
1.033343616320813088e-24	1.320534957164171096e-19
1.260004834822082974e-24	1.481664699240838077e-19
1.534468156515580920e-24	1.662455295168829160e-19
1.866432569622795873e-24	1.865305315651414105e-19
2.267491413406716003e-24	2.092907397645267021e-19
2.751490307298446283e-24	2.348280918388622106e-19
3.334946715122392785e-24	2.634814323119566328e-19
4.037551936983390062e-24	2.956310423160528201e-19
4.882756271407308076e-24	3.317034664368963882e-19
5.898464081030920369e-24	3.721773791869728079e-19
7.117851385897350266e-24	4.175898970336737314e-19
8.580326034328930597e-24	4.685435587598577862e-19
1.033267129391265922e-23	5.257145682300442392e-19
1.243036617927433145e-23	5.898614084523818306e-19
1.493914489433142079e-23	6.618353863786441753e-19
1.793688301482756094e-23	7.425915489999999963e-19
2.151570644833169040e-23	8.332010846258820627e-19
2.578454594916662203e-23	9.348670658248250459e-19
3.087214461418248331e-23	1.048938781441361988e-18
3.693049608162858984e-23	1.176928147869256960e-18
4.413896591425040977e-23	1.320534957164170951e-18
5.270908131478059502e-23	1.481664699240838125e-18
6.289010056255647235e-23	1.662455295168829112e-18
7.497560722647520173e-23	1.865305315651414009e-18
8.931118856161039869e-23	2.092907397645267165e-18
1.063032426449832991e-22	2.348280918388622010e-18
1.264297013975303118e-22	2.634814323119566232e-18
1.502520382894503053e-22	2.956310423160527912e-18
1.784297488754101975e-22	3.317034664368963978e-18
2.117366878086229013e-22	3.721773791869728368e-18
2.510807475168957835e-22	4.175898970336736832e-18
2.975265072448753209e-22	4.685435587598577091e-18
3.523213722765716069e-22	5.257145682300442392e-18
4.169266142621068894e-22	5.898614084523817921e-18
4.930531641303772309e-22	6.618353863786440983e-18
5.827030486974865270e-22	7.425915490000000926e-18
6.882181789315160920e-22	8.332010846258820435e-18
8.123372324651780202e-22	9.348670658248250844e-18
9.582594422098740130e-22	1.048938781441362065e-17
1.129724573465523121e-21	1.176928147869257114e-17
1.331098321948695904e-21	1.320534957164171105e-17
1.567477836051729046e-21	1.481664699240838048e-17
1.844809046307464806e-21	1.662455295168829073e-17
2.170031470741309021e-21	1.865305315651414009e-17
2.551233416504969033e-21	2.092907397645266934e-17
2.997844311087647094e-21	2.348280918388621933e-17
3.520853024231445393e-21	2.634814323119566078e-17
4.133059606466475987e-21	2.956310423160527912e-17
4.849370840547365882e-21	3.317034664368964209e-17
5.687140348382695829e-21	3.721773791869727905e-17
6.666565877513717746e-21	4.175898970336737295e-17
7.811149707874731158e-21	4.685435587598577091e-17
9.148222921426680169e-21	5.257145682300442083e-17
1.070958106052309998e-20	5.898614084523818383e-17
1.253218290655772016e-20	6.618353863786440983e-17
1.465898738064019192e-20	7.425915490000000002e-17
1.713991148669428935e-20	8.332010846258820127e-17
2.003295905061240939e-20	9.348670658248250536e-17
2.340550540363532089e-20	1.048938781441362065e-16
2.733578256545017047e-20	1.176928147869256929e-16
3.191463176024613517e-20	1.320534957164171044e-16
3.724750841389669003e-20	1.481664699240838171e-16
4.345682131733900711e-20	1.662455295168829012e-16
5.068460595615031737e-20	1.865305315651414009e-16
5.909566567280018955e-20	2.092907397645267057e-16
6.888119551340966175e-20	2.348280918388621933e-16
8.026293331451009474e-20	2.634814323119565955e-16
9.349814249233710419e-20	2.956310423160528159e-16
1.088850106833916049e-19	3.317034664368963963e-16
1.267693627720429188e-19	3.721773791869728275e-16
1.475521239355960900e-19	4.175898970336737171e-16
1.716979337062605024e-19	4.685435587598576721e-16
1.997456165119905160e-19	5.257145682300442083e-16
2.323192462905657114e-19	5.898614084523818383e-16
2.701423299881768178e-19	6.618353863786441476e-16
3.140532534636448252e-19	7.425915490000000002e-16
3.650232522039068244e-19	8.332010846258820373e-16
4.241775751831625366e-19	9.348670658248249550e-16
4.928199903839912062e-19	1.048938781441361941e-15
5.724607062395942459e-19	1.176928147869257028e-15
6.648489714027958802e-19	1.320534957164171142e-15
7.720107983967330197e-19	1.481664699240837974e-15
8.962931478120201234e-19	1.662455295168829110e-15
1.040413830458841985e-18	1.865305315651414107e-15
1.207520691913409966e-18	2.092907397645267156e-15
1.401257628906667128e-18	2.348280918388622032e-15
1.625844046620031039e-18	2.634814323119566152e-15
1.886168425220569123e-18	2.956310423160528257e-15
2.187885599353915895e-18	3.317034664368964259e-15
2.537545969073801039e-18	3.721773791869727979e-15
2.942729166320866999e-18	4.175898970336737171e-15
3.412208167655000206e-18	4.685435587598577116e-15
3.956136427325676789e-18	5.257145682300442083e-15
4.586259515863430954e-18	5.898614084523818186e-15
5.316167601206511504e-18	6.618353863786440884e-15
6.161573920531757091e-18	7.425915489999999804e-15
7.140648203860100646e-18	8.332010846258820965e-15
8.274385742056420360e-18	9.348670658248249550e-15
9.587049971392740580e-18	1.048938781441362099e-14
1.110665218768889110e-17	1.176928147869257028e-14
1.286550997515735065e-17	1.320534957164171024e-14
1.490089400364243007e-17	1.481664699240837935e-14
1.725574091650730980e-17	1.662455295168829031e-14
1.997946275542245110e-17	1.865305315651414107e-14
2.312887519980184125e-17	2.092907397645267077e-14
2.676915550990121221e-17	2.348280918388621953e-14
3.097500839554995985e-17	2.634814323119566152e-14
3.583184673671407144e-17	2.956310423160528178e-14
4.143710597053783223e-17	3.317034664368964101e-14
4.790164758937144950e-17	3.721773791869728295e-14
5.535122947203808454e-17	4.175898970336736856e-14
6.392802077059376798e-17	4.685435587598577274e-14
7.379219105624233811e-17	5.257145682300442083e-14
8.512349203933470566e-17	5.898614084523817870e-14
9.812315117781889884e-17	6.618353863786441673e-14
1.130156761747041139e-16	7.425915490000000120e-14
1.300519144552425009e-16	8.332010846258819703e-14
1.495130111798855132e-16	9.348670658248249865e-14
1.717176123823089971e-16	1.048938781441362004e-13
1.970345632849013025e-16	1.176928147869256965e-13
2.259048147494586180e-16	1.320534957164171056e-13
2.588787013729448252e-16	1.481664699240837935e-13
2.966728240001449149e-16	1.662455295168829095e-13
3.402365116673005358e-16	1.865305315651414171e-13
3.907610297373174292e-16	2.092907397645267140e-13
4.493895978998811510e-16	2.348280918388621826e-13
5.160853093550063470e-16	2.634814323119565962e-13
5.873420923632444664e-16	2.956310423160527926e-13
6.551644637165124259e-16	3.317034664368964227e-13
7.123458694683849426e-16	3.721773791869728169e-13
7.597810581762519963e-16	4.175898970336737108e-13
8.044501676232490204e-16	4.685435587598577021e-13
8.527527775195030034e-16	5.257145682300441831e-13
9.083253586804669970e-16	5.898614084523817870e-13
9.731365213025400171e-16	6.618353863786440916e-13
1.048708578061172076e-15	7.425915489999999868e-13
1.136736122871181061e-15	8.332010846258820460e-13
1.239322917590884130e-15	9.348670658248249613e-13
1.359074715965722093e-15	1.048938781441362131e-12
1.499167582050768074e-15	1.176928147869257116e-12
1.663426604914921069e-15	1.320534957164170955e-12
1.856434317007060232e-15	1.481664699240838086e-12
2.083653221761629011e-15	1.662455295168829095e-12
2.351568371176045243e-15	1.865305315651413918e-12
2.667838111895145164e-15	2.092907397645267140e-12
3.041455970168868160e-15	2.348280918388621927e-12
3.482936299739505139e-15	2.634814323119566265e-12
4.004502157503595919e-15	2.956310423160528229e-12
4.620304368018885251e-15	3.317034664368964025e-12
5.346653954659157159e-15	3.721773791869728169e-12
6.202264224459212143e-15	4.175898970336736805e-12
7.208513645523210611e-15	4.685435587598576819e-12
8.389702783700631037e-15	5.257145682300442437e-12
9.773306783712920612e-15	5.898614084523818274e-12
1.139023304842100964e-14	6.618353863786440916e-12
1.327498238119144086e-14	7.425915490000000070e-12
1.546587993186809952e-14	8.332010846258819854e-12
1.800514203001163981e-14	9.348670658248249613e-12
2.093898757363182205e-14	1.048938781441362009e-11
2.431760089961006014e-14	1.176928147869257116e-11
2.819521346876983240e-14	1.320534957164170995e-11
3.263014842136959250e-14	1.481664699240838207e-11
3.768513989146886301e-14	1.662455295168829135e-11
4.342809787622369067e-14	1.865305315651413918e-11
4.993373451137897277e-14	2.092907397645266978e-11
5.728656414112639694e-14	2.348280918388622008e-11
6.558630195866566825e-14	2.634814323119566185e-11
7.495667114197570514e-14	2.956310423160527986e-11
8.555954179690750510e-14	3.317034664368964429e-11
9.761610966816170774e-14	3.721773791869727846e-11
1.114378176513889029e-13	4.175898970336736967e-11
1.274684384562714951e-13	4.685435587598577304e-11
1.463362045332634968e-13	5.257145682300442275e-11
1.689002943045579176e-13	5.898614084523818759e-11
1.962394705133870036e-13	6.618353863786441724e-11
2.294279660945342010e-13	7.425915489999999746e-11
2.689299007661244839e-13	8.332010846258820823e-11
3.158722314629203202e-13	9.348670658248250905e-11
3.886779861832174890e-13	1.048938781441361977e-10
5.328738190947983168e-13	1.176928147869257052e-10
7.674007900605410110e-13	1.320534957164171027e-10
1.112350901585119095e-12	1.481664699240838013e-10
1.624396735691030075e-12	1.662455295168829006e-10
2.395558009355707168e-12	1.865305315651414047e-10
3.559963835934177295e-12	2.092907397645266978e-10
5.306572575801882485e-12	2.348280918388622331e-10
7.893213499954719989e-12	2.634814323119565926e-10
1.166015765056701991e-11	2.956310423160527986e-10
1.704248347546548931e-11	3.317034664368964041e-10
2.458121347358957063e-11	3.721773791869728233e-10
3.493404612805758059e-11	4.175898970336737355e-10
4.888689577883818349e-11	4.685435587598576916e-10
6.736729640020981859e-11	5.257145682300442405e-10
9.146054554103599873e-11	5.898614084523818242e-10
1.224288409089829978e-10	6.618353863786441207e-10
1.617335432651589008e-10	7.425915490000000522e-10
2.110595928342446991e-10	8.332010846258819789e-10
2.723431485619480908e-10	9.348670658248249613e-10
3.478004006671047256e-10	1.048938781441362055e-09
4.399590565233555932e-10	1.176928147869257000e-09
5.516916830196975024e-10	1.320534957164171079e-09
6.862524648421582258e-10	1.481664699240838117e-09
8.473162647892740170e-10	1.662455295168829109e-09
1.039021471304467061e-09	1.865305315651414203e-09
1.266023539326728117e-09	2.092907397645266978e-09
1.533544372628624981e-09	2.348280918388622021e-09
1.847444503714866031e-09	2.634814323119566236e-09
2.214295867794100904e-09	2.956310423160527986e-09
2.641471656356351221e-09	3.317034664368964248e-09
3.137253992947612915e-09	3.721773791869728233e-09
3.710960173733190085e-09	4.175898970336737148e-09
4.373090443215942293e-09	4.685435587598577537e-09
5.135509186574241928e-09	5.257145682300442198e-09
6.011650627521049028e-09	5.898614084523817828e-09
7.016772794613666637e-09	6.618353863786441000e-09
8.168254557873339987e-09	7.425915490000000315e-09
9.485923854249921062e-09	8.332010846258819996e-09
1.099250844069209974e-08	9.348670658248249613e-09
1.271407328056977964e-08	1.048938781441362055e-08
1.468063392429354020e-08	1.176928147869257000e-08
1.692680256396227179e-08	1.320534957164171120e-08
1.949257518040511186e-08	1.481664699240838076e-08
2.242430433811064162e-08	1.662455295168828944e-08
2.577576851705743963e-08	1.865305315651414120e-08
2.960950877750228946e-08	2.092907397645267144e-08
