1.322880774163800065e-16	5.038421248657022070e-10
2.968607144874366227e-12	5.127667917088777512e-10
7.101983248922015090e-12	5.251926953100805783e-10
1.133422869396616123e-11	5.379154140073587452e-10
1.566690714103442754e-11	5.509396346036337545e-10
2.010159462915899548e-11	5.642700882144924364e-10
2.463987936858417781e-11	5.779115384514764905e-10
2.928336193278795963e-11	5.918687873304376633e-10
3.403365500737689459e-11	6.061466723173601076e-10
3.889238353779500373e-11	6.207500692825379199e-10
4.386118502474151816e-11	6.356838895463977063e-10
4.894170893333536137e-11	6.509530813565875582e-10
5.413561713624180040e-11	6.665626328421542787e-10
5.944458361825467411e-11	6.825175631510104620e-10
6.487029491942304437e-11	6.988229327895565961e-10
7.041444939650677303e-11	7.154838377143255754e-10
7.607875825693871677e-11	7.325054093319829079e-10
8.186494452486253870e-11	7.498928189305926062e-10
8.777474363196825200e-11	7.676512717712625280e-10
9.380990312207439641e-11	7.857860115194106813e-10
9.997218309425480575e-11	8.043023158134985050e-10
1.062633557597118275e-10	8.232055051275639972e-10
1.126852057371941849e-10	8.425009294774224886e-10
1.192395294621613691e-10	8.621939817144655586e-10
1.259281360730370317e-10	8.822900857089508879e-10
1.327528469680822045e-10	9.027947081667127159e-10
1.397154956576866010e-10	9.237133497666290236e-10
1.468179277643683834e-10	9.450515451606210164e-10
1.540620022044454574e-10	9.668148718361869755e-10
1.614495867567687780e-10	9.890089382996904564e-10
1.689825670729643963e-10	1.011639392938894553e-09
1.766628367809381881e-10	1.034711921068783432e-09
1.844923042794844634e-10	1.058232243454473148e-09
1.924728853528418650e-10	1.082206119265390837e-09
2.006065164644928794e-10	1.106639343121095111e-09
2.088951370320976850e-10	1.131537745091277714e-09
2.173407071525604329e-10	1.156907196604117555e-09
2.259451913540517346e-10	1.182753601583748730e-09
2.347105748439861744e-10	1.209082900881526399e-09
2.436388472610448225e-10	1.235901075230204544e-09
2.527320144918861585e-10	1.263214140812669652e-09
2.619920942398794552e-10	1.291028147784852161e-09
2.714211175021936251e-10	1.319349189138258240e-09
2.810211241385306048e-10	1.348183387406172113e-09
2.907941702565698691e-10	1.377536906480365176e-09
3.007423223036126335e-10	1.407415948656919079e-09
3.108676585436710882e-10	1.437826747250781053e-09
3.211722690574680876e-10	1.468775576935386744e-09
3.316582586966151007e-10	1.500268746357214916e-09
3.423277441294342611e-10	1.532312608475409661e-09
3.531828508867809331e-10	1.564913539882537228e-09
3.642257192703989923e-10	1.598077965915095497e-09
3.754585043529206707e-10	1.631812326680470861e-09
3.868833685924225591e-10	1.666123150911381191e-09
3.985024892178697599e-10	1.701016937798766513e-09
4.103180552749381431e-10	1.736500275158898744e-09
4.223322691031031665e-10	1.772579750808049390e-09
4.345473433814623906e-10	1.809262011646043588e-09
4.469655055600017322e-10	1.846553748885372630e-09
4.595889919512402871e-10	1.884461668509416110e-09
4.724200565927633030e-10	1.922992520814218952e-09
4.854609579534226426e-10	1.962153085637603103e-09
4.987139737042252441e-10	2.001950201900944759e-09
5.121813918557998378e-10	2.042390723296508630e-09
5.258655092813083852e-10	2.083481547829224132e-09
5.397686405789788959e-10	2.125229632587575967e-09
5.538931077324840486e-10	2.167641919889159498e-09
5.682412489734732848e-10	2.210725425906012647e-09
5.828154128732184591e-10	2.254487211122838866e-09
5.976179583426131149e-10	2.298934350795230123e-09
6.126512605405283857e-10	2.344073964491444742e-09
6.279177049654569907e-10	2.389913201321516421e-09
6.434196874555139586e-10	2.436459269479034139e-09
6.591596200967914945e-10	2.483719377157586465e-09
6.751399253150038025e-10	2.531700821176093033e-09
6.913630343983981111e-10	2.580410883582584556e-09
7.078313978373768789e-10	2.629856905508646201e-09
7.245474735077866133e-10	2.680046272398528674e-09
7.415137325792735646e-10	2.730986384467371188e-09
7.587326595152836228e-10	2.782684715784755516e-09
7.762067476417958051e-10	2.835148725649374090e-09
7.939385080098553839e-10	2.888385961985251239e-09
8.119304590559516804e-10	2.942403972716411291e-09
8.301851339874626304e-10	2.997210364850432206e-09
8.487050778284771445e-10	3.052812774936668967e-09
8.674928474197945905e-10	3.109218854295365481e-09
8.865510128960143895e-10	3.166436328101207385e-09
9.058821562084462131e-10	3.224472936299770069e-09
9.254888711251112248e-10	3.283336477920180899e-09
9.453737632307408385e-10	3.343034737220681212e-09
9.655394514038663143e-10	3.403575601855730270e-09
9.859885663397295771e-10	3.464966959479787335e-09
1.006723750550283733e-09	3.527216712518200592e-09
1.027747659841281216e-09	3.590332852021649711e-09
1.049062963312274206e-09	3.654323383811701630e-09
1.070672338925347903e-09	3.719196328480813040e-09
1.092578477936387255e-09	3.784959765704993437e-09
1.114784087849254484e-09	3.851621834243808015e-09
1.137291882076167305e-09	3.919190643315042881e-09
1.160104591754409476e-09	3.987674420303593468e-09
1.183224956883797989e-09	4.057081363052577364e-09
1.206655730757949578e-09	4.127419728488667855e-09
1.230399681441369488e-09	4.198697832622091444e-09
1.254459582906917833e-09	4.270923991463072154e-09
1.278838228329610367e-09	4.344106594876280286e-09
1.303538419746995872e-09	4.418254032726384488e-09
1.328562971013333687e-09	4.493374753961606625e-09
1.353914709276682898e-09	4.569477251842836163e-09
1.379596474978902330e-09	4.646570034401848187e-09
1.405611117424384042e-09	4.724661639212197284e-09
1.431961503642585933e-09	4.803760692472767454e-09
1.458650506571321390e-09	4.883875790840667332e-09
1.485681016873470259e-09	4.965015634369223062e-09
1.513055934074445208e-09	5.047188878799097321e-09
1.540778173947636387e-09	5.130404298038059224e-09
1.568850646358078669e-09	5.214670665993878713e-09
1.597276320254360556e-09	5.299996771345213828e-09
1.626058120272405432e-09	5.386391491396054503e-09
1.655199000589913494e-09	5.473863688679500093e-09
1.684701959697250477e-09	5.562422299583093752e-09
1.714569981313893601e-09	5.652076275265268384e-09
1.744806049159320087e-09	5.742834625968009286e-09
1.775413176494784180e-09	5.834706361933302579e-09
1.806394406123317147e-09	5.927700567257574877e-09
1.837752736535284513e-09	6.021826355579033123e-09
1.869491254846383286e-09	6.117092855306770702e-09
1.901613003859644732e-09	6.213509253933434219e-09
1.934121055919877141e-09	6.311084783264337883e-09
1.967018483371888390e-09	6.409828660333906146e-09
2.000308417644041225e-09	6.509750205572783456e-09
2.033993931081143109e-09	6.610858739411614261e-09
2.068078155111557205e-09	6.713163611822819204e-09
2.102564235934533531e-09	6.816674246633261899e-09
2.137455319749323346e-09	6.921400082440695709e-09
2.172754552755177084e-09	7.027350557842871521e-09
2.208465095922234101e-09	7.134535229604649961e-09
2.244590154533299289e-09	7.242963610178226538e-09
2.281132919100288615e-09	7.352645315412014273e-09
2.318096580135118458e-09	7.463589931612652472e-09
2.355484387233258830e-09	7.575807148482995469e-09
2.393299545677515037e-09	7.689306640955012811e-09
2.431545305063357089e-09	7.804098157815113708e-09
2.470224929757143511e-09	7.920191462620600427e-09
2.509341669354345141e-09	8.037596348470548125e-09
2.548898832533985209e-09	8.156322682318474101e-09
2.588899698433311990e-09	8.276380316347009209e-09
2.629347560960460617e-09	8.397779176593226450e-09
2.670245758336232997e-09	8.520529233406864767e-09
2.711597614010540870e-09	8.644640457137661455e-09
2.753406466204186558e-09	8.770122862448021406e-09
2.795675667908859238e-09	8.896986552625678100e-09
2.838408586887137426e-09	9.025241586645700725e-09
2.881608605672487321e-09	9.154898126879380115e-09
2.925279106798376367e-09	9.285966335698003795e-09
2.969423517110936709e-09	9.418456419785525239e-09
3.014045219143634961e-09	9.552378644909453619e-09
3.059147669284380709e-09	9.687743276837298108e-09
3.104734279608417175e-09	9.824560655191008368e-09
3.150808536045430964e-09	9.962841104821645962e-09
3.197373880212442738e-09	1.010259505397649410e-08
3.244433798039138688e-09	1.024383291613194625e-08
3.291991775455205421e-09	1.038656517861883800e-08
3.340051313161217229e-09	1.053080231399711521e-08
3.388615926628637741e-09	1.067655488345205727e-08
3.437689131328930585e-09	1.082383346293983169e-08
3.487274487046223686e-09	1.097264867272927025e-08
3.537375538793757694e-09	1.112301116263098094e-08
3.587995846355661773e-09	1.127493161199735291e-08
3.639138969516064259e-09	1.142842075926432437e-08
3.690808512371759437e-09	1.158348935763872497e-08
3.743008079019541590e-09	1.174014821941093673e-08
3.795741273556205415e-09	1.189840815687134499e-08
3.849011714849433707e-09	1.205828007093566034e-08
3.902823051308685044e-09	1.221977484774870862e-08
3.957178916572532387e-09	1.238290344730975944e-08
4.012082988592211334e-09	1.254767684438896886e-08
