1.322880774163800065e-16	3.719682733839156033e-10
1.237543831411571624e-12	3.759682846423169253e-10
4.145371129014561947e-12	3.853580055245071675e-10
7.127852731937840996e-12	3.949761552431901690e-10
1.018625306811850545e-11	4.048264841269563515e-10
1.331967700694249612e-11	4.149055505587849008e-10
1.652884579612443850e-11	4.252153308835572996e-10
1.981751617482038626e-11	4.357678840546459080e-10
2.318700281119049156e-11	4.465671140178815932e-10
2.663861514450038778e-11	4.576169114252954799e-10
3.017367221509322644e-11	4.689211920394293066e-10
3.379350355064299901e-11	4.804839041187794746e-10
3.749944916615452721e-11	4.923090284177968931e-10
4.129285897312792914e-11	5.044005752327098043e-10
4.517026949362746645e-11	5.167467706882937652e-10
4.913697417096528437e-11	5.293646027834141005e-10
5.319497549449548684e-11	5.422602206389537976e-10
5.734566178002830982e-11	5.554377527182487757e-10
6.159042739943825252e-11	5.689013466867904943e-10
6.593067691651288879e-11	5.826551812289355835e-10
7.036782523466174656e-11	5.967034630937294449e-10
7.490329730149853601e-11	6.110504315261717291e-10
7.953852810884115606e-11	6.257003612213947003e-10
8.427496328354718626e-11	6.406575490308633895e-10
8.911093903273587528e-11	6.559162416935066648e-10
9.404765490026239824e-11	6.714799797912981493e-10
9.908965795644295674e-11	6.873631029027946779e-10
1.042384496620936861e-10	7.035700910384789049e-10
1.094955198090288204e-10	7.201053798961675370e-10
1.148623680855578772e-10	7.369734376696322541e-10
1.203405043719034552e-10	7.541787620944216552e-10
1.259314484447833976e-10	7.717258819249501305e-10
1.316367304205375990e-10	7.896193554574091963e-10
1.374578906074189312e-10	8.078637734839450316e-10
1.433964793578844809e-10	8.264637563384806314e-10
1.494540566254688465e-10	8.454239583279830425e-10
1.556321934418730097e-10	8.647490573928402265e-10
1.619278385846593051e-10	8.844289916038054596e-10
1.683440895091464034e-10	9.044733531758712603e-10
1.748853361233968641e-10	9.248958140434342267e-10
1.815532017480569504e-10	9.457012279204559984e-10
1.883493023183287218e-10	9.668944101165879614e-10
1.952752626319472618e-10	9.884802084374361644e-10
2.023327163491808328e-10	1.010463500230383576e-09
2.095233104240972854e-10	1.032849192384590393e-09
2.168486977191199315e-10	1.055642222808082397e-09
2.243105443904716706e-10	1.078847563381929320e-09
2.319105269339974018e-10	1.102470209620622219e-09
2.396503277538974079e-10	1.126515193965873225e-09
2.475316440252604572e-10	1.150987576924082929e-09
2.555561803086196253e-10	1.175892447066340177e-09
2.637256529812186781e-10	1.201234928413865704e-09
2.720417872828346123e-10	1.227020171575480145e-09
2.805045285611799462e-10	1.253247715699462111e-09
2.891099300348471504e-10	1.279904881455122284e-09
2.978668261722488251e-10	1.307019215072426300e-09
3.067770367468482639e-10	1.334596158146698093e-09
3.158423298339990739e-10	1.362640998656021208e-09
3.250644868028545019e-10	1.391159051166078256e-09
3.344452964080119985e-10	1.420155661261417850e-09
3.439865592207799373e-10	1.449636205545454188e-09
3.536900831979107405e-10	1.479606090163379106e-09
3.635576910670455487e-10	1.510070752279249410e-09
3.735912099870919627e-10	1.541035660075988727e-09
3.837924804107571711e-10	1.572506308324118930e-09
3.941633531303703619e-10	1.604488221335939950e-09
4.047056892778827223e-10	1.636986982507304935e-09
4.154213558936007718e-10	1.670008145692290423e-09
4.263122347887195926e-10	1.703557338599415510e-09
4.373802151598784196e-10	1.737640233249864207e-09
4.486271980204274101e-10	1.772262472123044325e-09
4.600550947233386177e-10	1.807429801094582846e-09
4.716658225299394278e-10	1.843147936498329518e-09
4.834613149495347125e-10	1.879422668522576650e-09
4.954435099226958560e-10	1.916259772584728656e-09
5.076089525386022494e-10	1.953648273914629061e-09
5.199585452985415422e-10	1.991590786959541889e-09
5.325002836844592944e-10	2.030111934790599403e-09
5.452361942622578548e-10	2.069217788242975625e-09
5.581682622393517816e-10	2.108914270442959050e-09
5.712984802085999924e-10	2.149207363600392632e-09
5.846288555337497089e-10	2.190103049925119326e-09
5.981614000098146654e-10	2.231607370710536544e-09
6.118981387256086488e-10	2.273726352479152361e-09
6.258411056324779533e-10	2.316466095607917822e-09
6.399923450213913896e-10	2.359832715244672896e-09
6.543539130000282255e-10	2.403832341308144823e-09
6.689278715844232163e-10	2.448471177571504229e-09
6.837162975614996285e-10	2.493755398266145127e-09
6.987212736265362161e-10	2.539691251477902849e-09
7.139448928144334220e-10	2.586285014834390989e-09
7.293892629309805106e-10	2.633542965963221901e-09
7.450564962132329483e-10	2.681471426804674713e-09
7.609487181920463578e-10	2.730076778382581357e-09
7.770680617837199972e-10	2.779365386949886498e-09
7.934166731983533846e-10	2.829343677843087600e-09
8.099967060314896733e-10	2.880018091169571057e-09
8.268103256953834046e-10	2.931395096578501109e-09
8.438597049877328585e-10	2.983481208031705879e-09
8.611470300000364718e-10	3.036282983803680675e-09
8.786744956863252913e-10	3.089806952627142131e-09
8.964443043860749301e-10	3.144059731860139602e-09
9.144586717325606405e-10	3.199047953631609713e-09
9.327198236986794676e-10	3.254778264841378428e-09
9.512299936427727118e-10	3.311257356701936005e-09
9.699874090582202540e-10	3.368479601504763761e-09
9.889866741394526678e-10	3.426428204749636305e-09
1.008241177219807610e-09	3.485144199964809583e-09
1.027753289026889080e-09	3.544634677176764072e-09
1.047525287231704328e-09	3.604906460535987045e-09
1.067559462799059723e-09	3.665966388963855113e-09
1.087858114079206100e-09	3.727821360465298519e-09
1.108423546807838340e-09	3.790478287816134778e-09
1.129258082968629018e-09	3.853944083792183057e-09
1.150364047499428246e-09	3.918225749794592766e-09
1.171743781586063211e-09	3.983330272453625215e-09
1.193399632322716998e-09	4.049264667941317911e-09
1.215333958620283047e-09	4.116036011513264060e-09
1.237549128252188235e-09	4.183651407966831411e-09
1.260047519331481027e-09	4.252117947328501266e-09
1.282831520310832506e-09	4.321442793479196247e-09
1.305903529982534719e-09	4.391633139841616823e-09
1.329265957478502750e-09	4.462696179838462636e-09
1.352921219316094901e-09	4.534639151205100105e-09
1.376871743829381070e-09	4.607469335989559112e-09
1.401119971169141511e-09	4.681194031010760120e-09
1.425668347394511962e-09	4.755820577400287059e-09
1.450519331858428114e-09	4.831356316289727165e-09
1.475675391299269498e-09	4.907808647894216759e-09
1.501139002795037645e-09	4.985184987199786049e-09
1.526912667057156033e-09	5.063492793505126226e-09
1.552998853778181940e-09	5.142739540879819889e-09
1.579400103550937452e-09	5.222932747706113931e-09
1.606118927426467843e-09	5.304079961908032266e-09
1.633157821684930079e-09	5.386188731409598809e-09
1.660519371231811370e-09	5.469266663218392347e-09
1.688206087118157401e-09	5.553321408654655134e-09
1.716220554249455588e-09	5.638360604267743805e-09
1.744565327989416737e-09	5.724391945690566563e-09
1.773242978472639752e-09	5.811423172868699210e-09
1.802256105375501387e-09	5.899462010976826141e-09
1.831607308374377363e-09	5.988516259044076379e-09
1.861299187145644225e-09	6.078593716099579772e-09
1.891334356136566412e-09	6.169702240256017730e-09
1.921715459336185799e-09	6.261849689626072494e-09
1.952445125962655334e-09	6.355043966635093904e-09
1.983526000005017307e-09	6.449292988479316590e-09
2.014960740223201274e-09	6.544604746209421462e-09
2.046752020148026134e-09	6.640987230876086946e-09
2.078902513310310783e-09	6.738448433529991471e-09
2.111409767742563993e-09	6.836980717621780881e-09
2.144264241450814063e-09	6.936554969730218777e-09
2.177485328611662722e-09	7.037230110929536748e-09
2.211075924319256539e-09	7.139014782189507722e-09
2.245038731646191020e-09	7.241917137040584991e-09
2.279376483206838693e-09	7.345945343784108292e-09
2.314091926386461012e-09	7.451107629804974714e-09
2.349187823341207941e-09	7.557412237258964484e-09
2.384666921456340522e-09	7.664867437843642293e-09
2.420531982888007891e-09	7.773481518027455967e-09
2.456785814105025962e-09	7.883262838133295479e-09
2.493431192034433210e-09	7.994219758484054105e-09
2.530470923145043894e-09	8.106360639402623471e-09
2.567907813905673926e-09	8.219693944608113539e-09
2.605744685556026903e-09	8.334228108277861386e-09
2.643984374106694520e-09	8.449971594130973666e-09
2.682629715568270125e-09	8.566932954511897201e-09
2.721683575493122023e-09	8.685120697452404591e-09
2.761148789891842734e-09	8.804543419609605297e-09
2.801028253858577998e-09	8.925209702869720682e-09
2.841324832945698187e-09	9.047128202973409288e-09
2.882041437018236724e-09	9.170307560890444869e-09
2.923180931628563983e-09	9.294756476674155222e-09
2.964746270954379333e-09	9.420483665148756244e-09
3.006740350089829341e-09	9.547497900222016224e-09
3.049166093670837185e-09	9.675807926259928906e-09
3.092026455875103476e-09	9.805422591024708031e-09
3.135324390880327999e-09	9.936350727507674276e-09
3.179062867635099051e-09	1.006860119824193113e-08
3.223244825546229560e-09	1.020218291007324142e-08
