2.814197524201575738e-20	1.231930754821755739e-16
2.943024206216527652e-20	1.273411398553446838e-16
3.077776668859300273e-20	1.316289654326604961e-16
3.218621003174425382e-20	1.360611034070705382e-16
3.365853685111196907e-20	1.406424503839506142e-16
3.519651799516003901e-20	1.453781335834864251e-16
3.680420726539266842e-20	1.502733620378200137e-16
3.848374338171185070e-20	1.553334230246324151e-16
4.024246441565017664e-20	1.605637277369300679e-16
4.207826879641772435e-20	1.659702859374071716e-16
4.399749022886289688e-20	1.715589242179578284e-16
4.600445817661322018e-20	1.773356852246464850e-16
4.810114450025995441e-20	1.833070344618930841e-16
5.028738136070134467e-20	1.894794657421825481e-16
5.258034234764934114e-20	1.958598006120431104e-16
5.496999889942456962e-20	2.024548688375365934e-16
5.746782885183304987e-20	2.092720819152113133e-16
6.008167077922515086e-20	2.163189923117031338e-16
6.281049865917821767e-20	2.236031025923812900e-16
6.566495286522436522e-20	2.311325689095950924e-16
6.864643899405277905e-20	2.389154644123726041e-16
7.175792441039047039e-20	2.469607188160076822e-16
7.501233496845377803e-20	2.552766680661682693e-16
7.841199341595077806e-20	2.638727943033077057e-16
8.196430906646276646e-20	2.727583796433329249e-16
8.567817895076722138e-20	2.819431868500987379e-16
8.955274172288575637e-20	2.914374358718327301e-16
9.360349941252082007e-20	3.012513253286635847e-16
9.783696901073479578e-20	3.113957488114795963e-16
1.022599019183518925e-19	3.218817813593676670e-16
1.068786324428388773e-19	3.327209655892260302e-16
1.117158823471281695e-19	3.439252302488567438e-16
1.167506368242804125e-19	3.555067453687174098e-16
1.220277410853765302e-19	3.674784782447434012e-16
1.275289325745553806e-19	3.798534289181483382e-16
1.332822819707466162e-19	3.926448675011817802e-16
1.392963229878064741e-19	4.058674121791066173e-16
1.455640089127412659e-19	4.195350790764161552e-16
1.521279095097970255e-19	4.336631450575686096e-16
1.589724409296177604e-19	4.482670309372654885e-16
1.661259509689035343e-19	4.633628668039718281e-16
1.736082151724112343e-19	4.789670076177699490e-16
1.814188310258602460e-19	4.950966663593358329e-16
1.895637277709178230e-19	5.117695961712077889e-16
1.980823322232462861e-19	5.290041708286958723e-16
2.069944747759600287e-19	5.468191651898189960e-16
2.162889775688296517e-19	5.652341708121816599e-16
2.259881913167617219e-19	5.842694689587956285e-16
2.361252386246051763e-19	6.039457499830345191e-16
2.467214943261751442e-19	6.242848557040534008e-16
2.577996612401156973e-19	6.453090096596418295e-16
2.693512255296798889e-19	6.670413024166200156e-16
2.814211917118357529e-19	6.895055463718069765e-16
2.940231602471926289e-19	7.127265023267299419e-16
3.071689716998866838e-19	7.367294358060655135e-16
3.209634395177314195e-19	7.615411075748379946e-16
3.353025646428146548e-19	7.871882898094782488e-16
3.503180903669979854e-19	8.136994365127204528e-16
3.659596995431888771e-19	8.411034024203205906e-16
3.823400621945040033e-19	8.694305496943104914e-16
3.994093003648020371e-19	8.987118813192022512e-16
4.172504989060320028e-19	9.289794834669204736e-16
4.358992008613663830e-19	9.602666210841383847e-16
4.553302077865978835e-19	9.926076908114136425e-16
4.756784214928242529e-19	1.026037960191681935e-15
4.968732210350035563e-19	1.060594514020601693e-15
5.190207534350758150e-19	1.096315109879363768e-15
5.421940255562373039e-19	1.133238761791384468e-15
5.663512142696912656e-19	1.171406299691306415e-15
5.915645696930533482e-19	1.210859516695929073e-15
6.178528957939963572e-19	1.251641693915062096e-15
6.453729600798508910e-19	1.293797247962180532e-15
6.741037575097700021e-19	1.337373826513694485e-15
7.041242953509779608e-19	1.382417698544086901e-15
7.354315734260877801e-19	1.428978335568964453e-15
7.681275281290798986e-19	1.477109901745876262e-15
8.022145981061933476e-19	1.526860592378865297e-15
8.378554731160534397e-19	1.578287317913266621e-15
8.751156319541096589e-19	1.631447042118167118e-15
9.139273478464925635e-19	1.686398117242122843e-15
9.545082016803318995e-19	1.743198323376706200e-15
9.968600831652495023e-19	1.801913855758138149e-15
1.041114993119873913e-18	1.862607873006106825e-15
1.087229226917098732e-18	1.925344999174558560e-15
1.135421074489888775e-18	1.990196663167262420e-15
1.185623334203727626e-18	2.057232266349717825e-15
1.238249291374922976e-18	2.126526648527296951e-15
1.293108788812501616e-18	2.198156914750837071e-15
1.350240144832711579e-18	2.272198779387669151e-15
1.410072301853652485e-18	2.348734895779034570e-15
1.472337363368854651e-18	2.427851022186937406e-15
1.537432342245850787e-18	2.509631528893549451e-15
1.605407634726079570e-18	2.594167941430944066e-15
1.676239372205076043e-18	2.681551697300821741e-15
1.750381168930773370e-18	2.771880646739009029e-15
1.827586550876396023e-18	2.865252503095353038e-15
1.908319077582786433e-18	2.961770455587323038e-15
1.992448738896948747e-18	3.061539348537485966e-15
2.080247623714282651e-18	3.164669742706583990e-15
2.171957606241502200e-18	3.271276198828598425e-15
2.267736192354961464e-18	3.381473531990763716e-15
2.367701541342314715e-18	3.495384191357639919e-15
2.471919496740528074e-18	3.613132940128623638e-15
2.580535576901661095e-18	3.734848881290441290e-15
2.694125796419248780e-18	3.860665609320768356e-15
2.812796497396985448e-18	3.990722617199748705e-15
2.936270385768781380e-18	4.125161734530652063e-15
3.065521921387813721e-18	4.264129534357832725e-15
3.200163680826269900e-18	4.407781325879255456e-15
3.340694730826933039e-18	4.556273656699989248e-15
3.487341367778351606e-18	4.709769209014407592e-15
3.640433828280923650e-18	4.868436331691135310e-15
3.800261510321573210e-18	5.032451150548789774e-15
3.966662314734802746e-18	5.201992276855905260e-15
4.140813090102107323e-18	5.377246640865981697e-15
4.322042124638785909e-18	5.558405755822599998e-15
4.511335382986569832e-18	5.745671582491674609e-15
4.709152724223488344e-18	5.939245616429901526e-15
4.915032002692857029e-18	6.139344842098269035e-15
5.129929546192109486e-18	6.346185310885915981e-15
5.354139039727224802e-18	6.559997534914854842e-15
5.588249320207197958e-18	6.781015308478124757e-15
5.832428684305084468e-18	7.009481573959948597e-15
6.086859713757050224e-18	7.245645090565402452e-15
6.353328980154176718e-18	7.489769600884946031e-15
6.630512830705547951e-18	7.742120937804288005e-15
6.919299676058507702e-18	8.002977148120225964e-15
7.220779344648362497e-18	8.272623591570696270e-15
7.535757074344631186e-18	8.551358334590524081e-15
7.863762934968809967e-18	8.839486912616946020e-15
8.206193903948450394e-18	9.137327114795745217e-15
8.563344244925096096e-18	9.445204085292895948e-15
8.936132454381788637e-18	9.763459713978408114e-15
9.324638778560955221e-18	1.009243956000369389e-14
9.729716178833181608e-18	1.043250860583547139e-14
1.015306374049767649e-17	1.078403864019885867e-14
1.059315241632687432e-17	1.114741795340493624e-14
1.105364251916858306e-17	1.152304480390597092e-14
1.153267122576660674e-17	1.191133192140209916e-14
1.203262547698575124e-17	1.231270676725266434e-14
1.255411308984110043e-17	1.272760943011157910e-14
1.309813490190173783e-17	1.315650173488426502e-14
1.366575090021835629e-17	1.359984723039457166e-14
1.425671608924627829e-17	1.405813200064402364e-14
1.487404890145172584e-17	1.453186804434788297e-14
1.551606678368260792e-17	1.502158655107856084e-14
1.618757429378923504e-17	1.552780679440943896e-14
1.688609462037644421e-17	1.605107088747176998e-14
1.761493325226119246e-17	1.659199026208145367e-14
1.837519633777940462e-17	1.715114480249730997e-14
1.916780136391249189e-17	1.772913958039803798e-14
1.999479510695148608e-17	1.832663962973843897e-14
2.085513849728407184e-17	1.894425870424760512e-14
2.175305606219937601e-17	1.958271967428170476e-14
2.268978593163167012e-17	2.024268984562119168e-14
2.366476195902920608e-17	2.092490659498629440e-14
2.468181027877886984e-17	2.163013462338289693e-14
2.574212754799731348e-17	2.235913064266652419e-14
2.684791073055690907e-17	2.311270480968107869e-14
2.799903688738569529e-17	2.389168420670206381e-14
2.920066974848809522e-17	2.469693697972254883e-14
3.045332781142217483e-17	2.552932419902281403e-14
3.175966849800159015e-17	2.638978765587024576e-14
3.311810164257485993e-17	2.727924921395076946e-14
3.453490423905334633e-17	2.819869882233170548e-14
3.601118609863908955e-17	2.914915833455623264e-14
3.754843275088172949e-17	3.013166701536067089e-14
3.915303364776311637e-17	3.114730958181316222e-14
4.082445003192525326e-17	3.219718413461020879e-14
4.256845809616457729e-17	3.328245695029532331e-14
4.437995203282167183e-17	3.440433374162738494e-14
4.627036025362591257e-17	3.556402970190748364e-14
4.824352713599313485e-17	3.676284787687802083e-14
5.014189142406034503e-17	3.800184815074031041e-14
5.222376768309985526e-17	3.928276756325036368e-14
5.443898149740697754e-17	4.060696378730055818e-14
5.674551340282106259e-17	4.197581139337963133e-14
5.915323728531089437e-17	4.339082355685151911e-14
6.165791529996381023e-17	4.485355460895524057e-14
6.426635422456665134e-17	4.636560892939950237e-14
6.698597606622352664e-17	4.792866779787270470e-14
6.981928293634053665e-17	4.954441868848419507e-14
7.276733289789012212e-17	5.121466693510177901e-14
7.583401972253451597e-17	5.294124304588426794e-14
7.903592401112206135e-17	5.472604905334297209e-14
8.236488348909751044e-17	5.657105471310859163e-14
8.583229424782677201e-17	5.847827121250410418e-14
8.944702314179605421e-17	6.044982050765530947e-14
9.320774791675185248e-17	6.248785536620398252e-14
9.712309082127491557e-17	6.459462881728964000e-14
1.011962023400555090e-16	6.677246330601867791e-14
1.054437223769598006e-16	6.902375496731345823e-14
1.098665622392957454e-16	7.135099009773998469e-14
1.144676779460146720e-16	7.375669162189207216e-14
1.192502784574614983e-16	7.624355745807182083e-14
1.242418768490673619e-16	7.881430287959590350e-14
1.294299349373766239e-16	8.147175377174787311e-14
1.348291231655751582e-16	8.421884330600125918e-14
1.404605277509076853e-16	8.705859883765899223e-14
1.463120409740622311e-16	8.999413883761328205e-14
1.523974200439158791e-16	9.302871386116142754e-14
1.587370962900017284e-16	9.616565402765625981e-14
1.653365705434415364e-16	9.940840061866614683e-14
1.721927817163908726e-16	1.027605436831502171e-13
1.793344070793475322e-16	1.062257766525026207e-13
1.867636374764786453e-16	1.098078993507026375e-13
1.944970699059882314e-16	1.135108646988865444e-13
2.025521932611950183e-16	1.173387491130084516e-13
2.109156515807704403e-16	1.212957856100900480e-13
2.196295154577797992e-16	1.253862956310020638e-13
2.286853987157056671e-16	1.296147806328794135e-13
2.381036115405485689e-16	1.339860593968005962e-13
2.479106163672679273e-16	1.385046824366456871e-13
2.581129798298754634e-16	1.431756825234159347e-13
2.687146047214230811e-16	1.480045091390959587e-13
2.797352962543085064e-16	1.529961550811505845e-13
2.912129076294481519e-16	1.581561706272055595e-13
3.031552116649051935e-16	1.634903048068233199e-13
3.155267693862138169e-16	1.690044016936561688e-13
3.284429829341021923e-16	1.747045340411668836e-13
3.418360790127520795e-16	1.805971726862003263e-13
3.557818168492860958e-16	1.866885013355415657e-13
3.702661662737014734e-16	1.929852731836224892e-13
3.853344345779286817e-16	1.994947062620904046e-13
4.010070527893045511e-16	2.062237033148736407e-13
4.172866139289958829e-16	2.131797912824696331e-13
4.342249999008881770e-16	2.203706139905663364e-13
4.517913236166942899e-16	2.278040291089207884e-13
4.700602566293725211e-16	2.354882531284096366e-13
4.890603017737692745e-16	2.434318845394732639e-13
5.088203277994853165e-16	2.516435238254376002e-13
5.293046269141632929e-16	2.601324154290814886e-13
5.506319823542663035e-16	2.689075193081585398e-13
5.727590097686842329e-16	2.779789735430814526e-13
5.957496266091775756e-16	2.873564672494302811e-13
6.196645563014097332e-16	2.970505465820575950e-13
6.444970693751210464e-16	3.070717186868755329e-13
6.702821952066931107e-16	3.174311235926143723e-13
6.808794286566626052e-16	3.281403571819002513e-13
6.920717964447449030e-16	3.392106014672430837e-13
7.021446596299182871e-16	3.506539549153008011e-13
7.120992395767323557e-16	3.624828742858884542e-13
7.220141608003225733e-16	3.747104664840803219e-13
7.315690038200451837e-16	3.873499296923501645e-13
7.407531458498663613e-16	4.004152349173548725e-13
7.503940001961238581e-16	4.139207034144448743e-13
7.601110621604525192e-16	4.278811153660348405e-13
7.700506953876771452e-16	4.423120129174666158e-13
7.802395149072533492e-16	4.572288277969042339e-13
7.903392630412693908e-16	4.726483291592848019e-13
8.008792015533970434e-16	4.885871673250969023e-13
8.119120074307479194e-16	5.050629704136261810e-13
8.227460872380639846e-16	5.220937980387393411e-13
8.344081077815024794e-16	5.396984121921448279e-13
8.459789299655434314e-16	5.578959310135951228e-13
8.583223256885598913e-16	5.767065345052980031e-13
8.707824420869451089e-16	5.961507597880342145e-13
8.838721611679341182e-16	6.162499705885377611e-13
8.972341071197933380e-16	6.370263745489448242e-13
9.111960074820234618e-16	6.585023845141157184e-13
9.256667172859653828e-16	6.807020983928876486e-13
9.405789433244302339e-16	7.036496103822650741e-13
9.561087815667275470e-16	7.273699786600953300e-13
9.725381427338272090e-16	7.518895411478256832e-13
9.891706546656023935e-16	7.772351251166315991e-13
1.006459490073287429e-15	8.034345559740808864e-13
1.024375811753715946e-15	8.305163275808040951e-13
1.042943412153632396e-15	8.585105727929356857e-13
1.062668069655916940e-15	8.874477621957165234e-13
1.082945589981947491e-15	9.173598884039149192e-13
1.104317817211312767e-15	9.482795429637981629e-13
1.126100189620347340e-15	9.802408765800387358e-13
1.148500370762448026e-15	1.013278937097401232e-12
1.172644482428299487e-15	1.047429816673120741e-12
1.196817600531145597e-15	1.082731342495737253e-12
1.222895323054664734e-15	1.119222011869157351e-12
1.249889430494725032e-15	1.156942055623951798e-12
1.277453300172422589e-15	1.195932630003217924e-12
1.306366470109704924e-15	1.236236924412348389e-12
1.336706339458692176e-15	1.277898889530994371e-12
1.368285474020075031e-15	1.320964323421382680e-12
1.401005854342530404e-15	1.365481010997638597e-12
1.435214463278555907e-15	1.411496535025208907e-12
1.470636294489340011e-15	1.459063317540417529e-12
1.507569866871014759e-15	1.508232405106003055e-12
1.545920466044880582e-15	1.559058576908788742e-12
1.585874717043909033e-15	1.611595372529131615e-12
1.628028562434296774e-15	1.665903185540687032e-12
1.671521798650391977e-15	1.722040463986614273e-12
1.716585178451148362e-15	1.780068522453095610e-12
1.764152093741367593e-15	1.840052617870609384e-12
1.812986119896082771e-15	1.902057034762678389e-12
1.864456846109960134e-15	1.966150304965038364e-12
1.917639590374524939e-15	2.032403428263119334e-12
1.973194988280737917e-15	2.100887995811061255e-12
2.031270651449310887e-15	2.171681025737939697e-12
2.091370574625239988e-15	2.244858037333822189e-12
2.153696340703033764e-15	2.320501304085556926e-12
2.219102787279232936e-15	2.398692608114914477e-12
2.287047469629457458e-15	2.479519826764531970e-12
2.358299873910839573e-15	2.563068776384556157e-12
2.431631392696813872e-15	2.649433535387623834e-12
2.508545661686936546e-15	2.738706599160537498e-12
2.588745573880016423e-15	2.830989233698089487e-12
2.672168511879573583e-15	2.926380188574026579e-12
2.758986951072463153e-15	3.024986351468633259e-12
2.848571044253397455e-15	3.126915728859009729e-12
2.942566240627333248e-15	3.232277185952252610e-12
3.041035407967447662e-15	3.341188897023720140e-12
3.142890543113485271e-15	3.453771869554063785e-12
3.248774815346004308e-15	3.570147401050936808e-12
3.359002290319134798e-15	3.690444181632907848e-12
3.473674129452899271e-15	3.814794808003363892e-12
3.594079530580758120e-15	3.943335431201197177e-12
3.718327128156790542e-15	4.076207179291227266e-12
3.848580087579900858e-15	4.213555660270147646e-12
3.983311748011905760e-15	4.355532911836475321e-12
4.124365666503876141e-15	4.502295000282794646e-12
4.270742265995509369e-15	4.654002077832176497e-12
4.423537916533618640e-15	4.810821102604118576e-12
4.582926973289258349e-15	4.972923567736019164e-12
4.748171899922432545e-15	5.140488940567440402e-12
4.921643771675722938e-15	5.313702408375984474e-12
5.101217107953772335e-15	5.492750708893718311e-12
5.289492465587644025e-15	5.677832731030377098e-12
5.484581449670223213e-15	5.869153527746321123e-12
5.689064341019580041e-15	6.066919906109037911e-12
5.902291866397748291e-15	6.271351929312022892e-12
6.123818979761498523e-15	6.482672345462051239e-12
6.356043998261038083e-15	6.701115266441726168e-12
6.598402054299745252e-15	6.926919620846193322e-12
6.850639574751997617e-15	7.160333240927499503e-12
7.115881968442506569e-15	7.401611805593926660e-12
7.391905467689128092e-15	7.651023887066088101e-12
7.680461787328800857e-15	7.908840387277754861e-12
7.982948410822719180e-15	8.175347169482139334e-12
8.299421311238953416e-15	8.450835419520184261e-12
8.631342855637567470e-15	8.735607138861443703e-12
8.978620717910498971e-15	9.029978452146993096e-12
9.343258661570582357e-15	9.334270920920541612e-12
9.726166561196287705e-15	9.648819888812116471e-12
1.012819880687966483e-14	9.973970387843356272e-12
1.055081906882187164e-14	1.031008074729296992e-11
1.099597201485906123e-14	1.065751997476677464e-11
1.146360959272082958e-14	1.101667206584654226e-11
1.195729420721778375e-14	1.138792922777313258e-11
1.247781667668245127e-14	1.177170119042753304e-11
1.302718510615102090e-14	1.216841180615919419e-11
1.360736961837842555e-14	1.257849336190421587e-11
1.422221318607265503e-14	1.300240659374517220e-11
1.487177925447735103e-14	1.344061163636538179e-11
1.556132717928543055e-14	1.389357768087688210e-11
1.629378419624515729e-14	1.436182435407224163e-11
1.707043666548878725e-14	1.484586526221216025e-11
1.789745638004838734e-14	1.534621360119061255e-11
1.877859379211868379e-14	1.586344386756426902e-11
1.971631488685451437e-14	1.639811113947944496e-11
2.071779957606369847e-14	1.695081672073942772e-11
2.178817077035556235e-14	1.752215715505382565e-11
2.293183606348470531e-14	1.811277680574668187e-11
2.415716709154793932e-14	1.872331637474064027e-11
2.547076806029468518e-14	1.935444790022546669e-11
2.688014047944121008e-14	2.000687648514941045e-11
2.839450583130797629e-14	2.068131320112067977e-11
3.002289436369444135e-14	2.137851243272231398e-11
3.177566038217949019e-14	2.209922246538441739e-11
3.366480029840975327e-14	2.284427126680650773e-11
3.570252455454856897e-14	2.361445939954290394e-11
3.790281970406526699e-14	2.441064171451262702e-11
4.028050309137917726e-14	2.523371606995101252e-11
4.285259614875310407e-14	2.608457973585849214e-11
4.563748009389377265e-14	2.696417718790280415e-11
4.865486784304093938e-14	2.787347096186179434e-11
5.192701326719772849e-14	2.881348231216210343e-11
5.547814109396328694e-14	2.978527108461404822e-11
5.933495836776695563e-14	3.078988507466178346e-11
6.352697998595406919e-14	3.182844699592654588e-11
6.808602144431139628e-14	3.290212961661372131e-11
7.304806623428945134e-14	3.401210470309616039e-11
7.845128672362538209e-14	3.515963394404110876e-11
8.433957307140593924e-14	3.634598063342956311e-11
9.076069318468520373e-14	3.757245533953046846e-11
9.776561474823077294e-14	3.884045404726403598e-11
1.054127947976083165e-13	4.015138966863437994e-11
1.137665311946174416e-13	4.150672057885637922e-11
1.228936528874396582e-13	4.290797086936772345e-11
1.328747498168445559e-13	4.435670943454122342e-11
1.437944512418904251e-13	4.585458089756942024e-11
1.496722097425612903e-13	4.740413354823191023e-11
1.562588166384788930e-13	4.900597718779089652e-11
1.690845885459100777e-13	5.066116875172532467e-11
1.830731230011993168e-13	5.237252358877696727e-11
1.983096227854266416e-13	5.414197892564179934e-11
2.149546064141630311e-13	5.597155533824202462e-11
2.330877733871675910e-13	5.786327947112535828e-11
2.528792012686458266e-13	5.981935170970545607e-11
2.744719766507946851e-13	6.184195812466339090e-11
2.980098231870131189e-13	6.393339478787796621e-11
3.237301363902428009e-13	6.609608188311959589e-11
3.517637258243833114e-13	6.833247270850536256e-11
3.823740214120154544e-13	7.064512111868731626e-11
4.157793627513776406e-13	7.303672731304048457e-11
4.522020991919652383e-13	7.550996909205991056e-11
4.920136655494512444e-13	7.806780883815176387e-11
5.354163232001977177e-13	8.071312464933612693e-11
5.828053056218159341e-13	8.344902569111415105e-11
6.345409900503600989e-13	8.627869385746995023e-11
6.909469414771848024e-13	8.920540376561570229e-11
7.526084639443995031e-13	9.223268197370825637e-11
8.198538269646303640e-13	9.536401570672488361e-11
8.932389144588514541e-13	9.860308720689298577e-11
9.734096659911684801e-13	1.019538484999989944e-10
1.060829761978558851e-12	1.054201619318806161e-10
1.156327341960152672e-12	1.090062741774402076e-10
1.260566168415048356e-12	1.127164804417652120e-10
1.374239890788623480e-12	1.165551781483461100e-10
1.498523657057071653e-12	1.205272016661830921e-10
1.634092105516334379e-12	1.246372468220903712e-10
1.782022927508303621e-12	1.288903476330346862e-10
1.943723813152989524e-12	1.332920569468368994e-10
2.119297749248315351e-12	1.378474073028045626e-10
2.305436058525735287e-12	1.425622377165732414e-10
2.505189117238181470e-12	1.474423822749862446e-10
2.721103231896167640e-12	1.524935828455102836e-10
2.955165022302428489e-12	1.577225273295504273e-10
3.209497479600041620e-12	1.631357322999830042e-10
3.486199312882601967e-12	1.687400790208544421e-10
3.787542030355585109e-12	1.745427623733060196e-10
4.116189927261752931e-12	1.805514900903141967e-10
4.474628586911241558e-12	1.867738859858233902e-10
4.866137854513914984e-12	1.932185130395754423e-10
5.293702922942877369e-12	1.998937713676455735e-10
5.761082283219943381e-12	2.068088370112850201e-10
6.272103416360571728e-12	2.139730816785303631e-10
6.831019443511168147e-12	2.213965215494229602e-10
7.442689920353944626e-12	2.290896392952276744e-10
8.111966514620959575e-12	2.370631819625973694e-10
8.844938106192863136e-12	2.453288336823857605e-10
9.647175205988596745e-12	2.538983702864332069e-10
1.052626045157622283e-11	2.627847232459292897e-10
1.148862701841215628e-11	2.720011968437269486e-10
1.254360852615307126e-11	2.815619258607158082e-10
1.369883481136554366e-11	2.914816341682575428e-10
1.496535948343732793e-11	3.017760338767175076e-10
1.635258751328921035e-11	3.124612013808697696e-10
1.787353560051375759e-11	3.235555612760154185e-10
1.953979056413520300e-11	3.350765622638314412e-10
2.136658203415159993e-11	3.470445728509075135e-10
2.336813133608560847e-11	3.594793552490386514e-10
2.556238757938046691e-11	3.724037187806836680e-10
2.796675435354413313e-11	3.858403149936165340e-10
3.060222282607491076e-11	3.998139433557747193e-10
3.349020081272599123e-11	4.143508245234089046e-10
3.665520608152207864e-11	4.294789982867367338e-10
4.012351459328877913e-11	4.452279152774286115e-10
4.392364989495848815e-11	4.616290550141710679e-10
4.808793243531168202e-11	4.787166302508145602e-10
5.264942119497775587e-11	4.965256743540983010e-10
5.764795610668731140e-11	5.150955534973734357e-10
6.312147636030557674e-11	5.344657398250712176e-10
6.911951731039564926e-11	5.546823614565117812e-10
7.568533872880235133e-11	5.757888604307908266e-10
8.287975060749480613e-11	5.978395889737948816e-10
9.075426666008611297e-11	6.208839209406927664e-10
9.937862303747485886e-11	6.449831263317186448e-10
1.088188804719339965e-10	6.701965558758475560e-10
1.191526798994168468e-10	6.965910327602392603e-10
1.304649743669008946e-10	7.242389314707935758e-10
1.428412970251643726e-10	7.532137164773120377e-10
1.563907856420196153e-10	7.836034055860051786e-10
1.712105198939366132e-10	8.154901941955480189e-10
1.874270936196858340e-10	8.489739486546424670e-10
2.051656828454128908e-10	8.841558335345950865e-10
2.245628188911218640e-10	9.211435850861181157e-10
2.457846429962647383e-10	9.600649818325071297e-10
2.689836374795555664e-10	1.001039402281327014e-09
2.943494985064784799e-10	1.044210838371824702e-09
3.220837460413407470e-10	1.089730825668992220e-09
3.523917560630869617e-10	1.137754763307178758e-09
3.855215490555480340e-10	1.188465607357114948e-09
4.217273978198562550e-10	1.242050580913656313e-09
4.612796588788860493e-10	1.298708810905148205e-09
5.044941281389363439e-10	1.358668834607668964e-09
5.517058055505330316e-10	1.422170602832425077e-09
6.032626629888489190e-10	1.489466885615966150e-09
6.595577346431398980e-10	1.560838377025765794e-09
7.210463371346541527e-10	1.636604720825488252e-09
7.881692091230329116e-10	1.717080847861597177e-09
8.614343553916352316e-10	1.802622569103700794e-09
9.413915312297793270e-10	1.893617414501510858e-09
1.028657794731692846e-09	1.990495246666099659e-09
1.123881204887845209e-09	2.093708018344574679e-09
1.227756058379419521e-09	2.203739059663931026e-09
1.341052501154830789e-09	2.321122355833504191e-09
1.464606985616769938e-09	2.446440754630234792e-09
1.599324760440838176e-09	2.580318270525194326e-09
1.746186589224714066e-09	2.723437310984761070e-09
1.906263618988291096e-09	2.876538432619063831e-09
2.080705662300299168e-09	3.040419465821918634e-09
2.270761695262509414e-09	3.215950592701624186e-09
