1.938936317227600392e-31 7.425648781960458452e-24
2.011058960372524852e-31 7.598821534626293188e-24
2.085864350551478472e-31 7.776032830404112899e-24
2.163452277945942450e-31 7.957376851725193685e-24
2.243926244634273576e-31 8.142949977439308917e-24
2.327393602663182036e-31 8.332850834037151242e-24
2.413965697255063113e-31 8.527180348067340441e-24
2.503758015342206480e-31 8.726041799775816102e-24
2.596890339626055587e-31 8.929540877996198735e-24
2.693486908366982966e-31 9.137785736320186349e-24
2.793676581117785520e-31 9.350887050577916070e-24
2.897593010621972568e-31 9.568958077658853621e-24
3.005374821106154273e-31 9.792114715704387749e-24
3.117165793204356173e-31 1.002047556570417501e-23
3.233115055761003977e-31 1.025416199452901802e-23
3.353377284768376014e-31 1.049329819943367585e-23
3.478112909703942842e-31 1.073801127406395016e-23
3.607488327542840121e-31 1.098843127600310762e-23
3.741676124730979259e-31 1.124469129589358673e-23
3.880855307414872210e-31 1.150692752817064092e-23
4.025211540235343845e-31 1.177527934344557495e-23
4.174937394003624666e-31 1.204988936257698527e-23
4.330232602590292545e-31 1.233090353246948638e-23
4.491304329369696280e-31 1.261847120364006908e-23
4.658367443575298998e-31 1.291274520959337272e-23
4.831644806934665099e-31 1.321388194804810092e-23
5.011367570966361420e-31 1.352204146405769058e-23
5.197775485335438214e-31 1.383738753506941228e-23
5.391117217678822689e-31 1.416008775796715407e-23
5.591650685327248683e-31 1.449031363814411653e-23
5.799643399366235889e-31 1.482824068065271655e-23
6.015372821495169998e-31 1.517404848348029032e-23
6.239126734160392731e-31 1.552792083299994584e-23
6.471203624456213070e-31 1.589004580164751950e-23
6.711913082305840848e-31 1.626061584787639988e-23
6.961576213453469704e-31 1.663982791844333316e-23
7.220526067818471922e-31 1.702788355307978870e-23
7.489108083783043454e-31 1.742498899160417679e-23
7.767680549006023836e-31 1.783135528353209482e-23
8.056615078377660797e-31 1.824719840024282699e-23
8.356297109752831526e-31 1.867273934976160979e-23
8.667126418124042386e-31 1.910820429421869218e-23
8.989517648920166332e-31 1.955382467004774427e-23
9.323900871142303834e-31 2.000983731098735858e-23
9.670722151074578960e-31 2.047648457395097799e-23
1.003044414733537460e-30 2.095401446783235636e-23
1.040354672806260414e-30 2.144268078531481559e-23
1.079052761105646644e-30 2.194274323775437943e-23
1.119190302773362654e-30 2.245446759320857113e-23
1.160820841177842176e-30 2.297812581768409391e-23
1.203999911340997541e-30 2.351399621967861964e-23
1.248785114021781028e-30 2.406236359809337237e-23
1.295236192555431690e-30 2.462351939359512354e-23
1.343415112550925797e-30 2.519776184350820261e-23
1.393386144552921290e-30 2.578539614031866376e-23
1.445215949778482122e-30 2.638673459387478570e-23
1.498973669042962955e-30 2.700209679737053570e-23
1.554731014993658002e-30 2.763180979719966313e-23
1.612562367774272192e-30 2.827620826677093872e-23
1.672544874247829170e-30 2.893563468437715945e-23
1.734758550910367883e-30 2.961043951521199112e-23
1.799286390632721019e-30 3.030098139763159737e-23
1.866214473372786475e-30 3.100762733376039042e-23
1.935632081005930894e-30 3.173075288454132000e-23
2.007631816426778626e-30 3.247074236933546658e-23
2.082309727081206149e-30 3.322798907017615130e-23
2.159765433093366846e-30 3.400289544078646649e-23
2.240102260158663949e-30 3.479587332047147541e-23
2.323427377379933773e-30 3.560734415299834017e-23
2.409851940230726056e-30 3.643773921058098685e-23
2.499491238836407565e-30 3.728749982308847943e-23
2.592464851770858090e-30 3.815707761259851347e-23
2.688896805573950952e-30 3.904693473342094349e-23
2.788915740202619207e-30 3.995754411771907897e-23
2.892655080636197353e-30 4.088938972685880600e-23
3.000253214864956739e-30 4.184296680861954639e-23
3.111853678499330267e-30 4.281878216040377640e-23
3.227605346245974601e-30 4.381735439858438320e-23
3.347662630506240460e-30 4.483921423413382209e-23
3.472185687361884489e-30 4.588490475468129994e-23
3.601340630222815590e-30 4.695498171314719050e-23
3.735299751421943257e-30 4.805001382310937647e-23
3.874241752052649845e-30 4.917058306105733022e-23
4.018351980355552548e-30 5.031728497569517572e-23
4.167822678972553138e-30 5.149072900445809510e-23
4.322853241397975258e-30 5.269153879741004041e-23
4.483650477968912800e-30 5.392035254869490761e-23
4.650428891749669596e-30 5.517782333571789071e-23
4.823410964678239164e-30 5.646461946623644937e-23
5.002827454356566250e-30 5.778142483354576004e-23
5.188917701880587295e-30 5.912893927994791688e-23
5.381929951120537788e-30 6.050787896869669384e-23
5.582121679877597618e-30 6.191897676461726694e-23
5.789759943358587515e-30 6.336298262360192988e-23
6.005121730426820671e-30 6.484066399118901899e-23
6.228494333104502145e-30 6.635280621043751824e-23
6.460175729819483296e-30 6.790021293931334140e-23
6.700474982907630779e-30 6.948370657780945965e-23
6.949712650901145534e-30 7.110412870502709789e-23
7.208221216152742609e-30 7.276234052644987756e-23
7.476345528366151318e-30 7.445922333164863816e-23
7.754443264624716699e-30 7.619567896266087586e-23
8.042885406531566194e-30 7.797263029329255829e-23
8.342056735098062166e-30 7.979102171959822055e-23
8.652356344040589659e-30 8.165181966179923253e-23
8.974198172170468730e-30 8.355601307790743909e-23
9.308011555587187644e-30 8.550461398932689969e-23
9.654241800411503210e-30 8.749865801871282489e-23
1.001335077682260360e-29 8.953920494037446002e-23
1.038581753519163336e-29 9.162733924351342669e-23
1.077213894513353052e-29 9.376417070859757893e-23
1.117283035832974254e-29 9.595083499717617883e-23
1.158842629600592968e-29 9.818849425545047189e-23
1.201948116198171054e-29 1.004783377319193732e-22
1.246656998224388773e-29 1.028215824094299905e-22
1.293028917202944939e-29 1.052194736519677297e-22
1.341125733144193332e-29 1.076732858665305553e-22
1.391011607066208947e-29 1.101843231804378212e-22
1.442753086585419542e-29 1.127539201344358880e-22
1.496419194690932233e-29 1.153834423919664819e-22
1.552081521821011229e-29 1.180742874649763518e-22
1.609814321364517907e-29 1.208278854566533513e-22
1.669694608714734143e-29 1.236456998214841588e-22
1.731802264007677428e-29 1.265292281430369009e-22
1.796220138681969888e-29 1.294800029298818883e-22
1.863034166002436683e-29 1.324995924300750070e-22
1.932333475694834117e-29 1.355896014646349813e-22
2.004210512844669841e-29 1.387516722804585182e-22
2.078761161218663381e-29 1.419874854231251682e-22
2.156084871173447714e-29 1.452987606300585516e-22
2.236284792322052152e-29 1.486872577445150399e-22
2.319467911135198185e-29 1.521547776508888764e-22
2.405745193660959873e-29 1.557031632318288280e-22
2.495231733553159953e-29 1.593343003476761833e-22
2.588046905605985814e-29 1.630501188387436629e-22
2.684314524999612777e-29 1.668525935509680947e-22
2.784163012469336549e-29 1.707437453854833885e-22
2.887725565618449361e-29 1.747256423726694888e-22
2.995140336603484999e-29 1.788004007712496558e-22
3.106550616428813602e-29 1.829701861930197989e-22
3.222105026096435067e-29 1.872372147538072988e-22
3.341957714865968148e-29 1.916037542512707137e-22
3.466268565889354443e-29 1.960721253701680390e-22
3.595203409494512483e-29 2.006447029157320235e-22
3.728934244402566968e-29 2.053239170758101150e-22
3.867639467173615231e-29 2.101122547124365739e-22
4.011504110187287544e-29 2.150122606835277354e-22
4.160720088475388294e-29 2.200265391953982860e-22
4.315486455736028540e-29 2.251577551868211323e-22
4.476009669870689233e-29 2.304086357453633581e-22
4.642503868398517698e-29 2.357819715567546789e-22
4.815191154115155665e-29 2.412806183880540376e-22
4.994301891377232391e-29 2.469074986054054991e-22
5.180075013407804523e-29 2.526656027271918524e-22
5.372758341032591672e-29 2.585579910134063222e-22
5.572608913272256372e-29 2.645877950920914736e-22
5.779893330231772546e-29 2.707582196237086857e-22
5.994888108744195681e-29 2.770725440043208500e-22
6.217880051243340696e-29 2.835341241084952589e-22
6.449166628357436289e-29 2.901463940728533011e-22
6.689056375734100789e-29 2.969128681212138494e-22
6.937869305626079240e-29 3.038371424323012992e-22
7.195937333786619103e-29 3.109228970510084467e-22
7.463604722244239088e-29 3.181738978442347242e-22
7.741228538547239088e-29 3.255939985023328635e-22
8.029179132090857888e-29 3.331871425872348638e-22
8.327840628162301783e-29 3.409573656283393292e-22
8.637611440362850806e-29 3.489087972672791524e-22
8.958904802090471506e-29 3.570456634527056842e-22
9.292149317791960789e-29 3.653722886862567009e-22
9.637789534720141097e-29 3.738930983209046352e-22
9.996286535958631871e-29 3.826126209129029766e-22
1.036811855550543546e-28 3.915354906285838240e-22
1.075378161623565197e-28 4.006664497072805455e-22
1.115379019159475313e-28 4.100103509816942597e-22
1.156867789190458297e-28 4.195721604570306157e-22
1.199899817619811423e-28 4.293569599502900983e-22
1.244532509053221337e-28 4.393699497911059474e-22
1.290825403376353942e-28 4.496164515855710370e-22
1.338840255180891708e-28 4.601019110445164502e-22
1.388641116144980084e-28 4.708319008777498645e-22
1.440294420477997089e-28 4.818121237557906808e-22
1.493869073543598294e-28 4.930484153406756963e-22
1.549436543779277663e-28 5.045467473874449013e-22
1.607070958035069737e-28 5.163132309179588297e-22
1.666849200458558875e-28 5.283541194687311450e-22
1.728851015058107954e-28 5.406758124145018084e-22
1.793159112081153750e-28 5.532848583693237535e-22
1.859859278349437811e-28 5.661879586669620468e-22
1.929040491698402189e-28 5.793919709224635653e-22
2.000795039673347191e-28 5.929039126767794887e-22
2.075218642640787997e-28 6.067309651263917368e-22
2.152410581479134262e-28 6.208804769399109432e-22
2.232473830019112338e-28 6.353599681636854940e-22
2.315515192410565475e-28 6.501771342184909724e-22
2.401645445598903226e-28 6.653398499894303805e-22
2.490979487101224654e-28 6.808561740112081426e-22
2.583636488279279818e-28 6.967343527510126450e-22
2.679740053313748817e-28 7.129828249912807197e-22
2.779418384091864475e-28 7.296102263146708909e-22
2.882804451228366851e-28 7.466253936936294758e-22
2.990036171447956813e-28 7.640373701869952270e-22
3.101256591565776227e-28 7.818554097461225255e-22
3.216614079311515038e-28 8.000889821331040415e-22
3.336262521251492391e-28 8.187477779536722729e-22
3.460361528072956286e-28 8.378417138074920622e-22
3.589076647504258116e-28 8.573809375585477290e-22
3.722579585155066580e-28 8.773758337284494836e-22
3.861048433571201254e-28 8.978370290155183006e-22
4.004667909809546470e-28 9.187753979425704967e-22
4.153629601850109799e-28 9.402020686364266069e-22
4.308132224173868853e-28 9.621284287422005617e-22
4.468381882847303100e-28 9.845661314755095235e-22
4.634592350467320830e-28 1.007527101815834450e-21
4.806985351333333607e-28 1.031023542844317694e-21
4.985790857226804497e-28 1.055067942229353532e-21
5.171247394192983795e-28 1.079673078863439987e-21
5.363602360734020367e-28 1.104852029654807530e-21
5.563112357837806629e-28 1.130618176477425603e-21
5.770043531283017773e-28 1.156985213283101927e-21
5.984671926676864522e-28 1.183967153379441793e-21
6.207283857699087977e-28 1.211578336877524485e-21
6.438176288043691349e-28 1.239833438313284851e-21
6.677657227567604109e-28 1.268747474446617579e-21
6.926046143175008875e-28 1.298335812242374652e-21
7.183674384985317213e-28 1.328614177037485878e-21
7.450885628353261438e-28 1.359598660898539028e-21
7.728036332330856717e-28 1.391305731174272362e-21
8.015496215182851587e-28 1.423752239247525417e-21
8.313648747589764089e-28 1.456955429491278738e-21
8.622891664196740720e-28 1.490932948433572010e-21
8.943637494190505076e-28 1.525702854136155824e-21
9.276314111612060448e-28 1.561283625791850667e-21
9.621365306139497595e-28 1.597694173545740724e-21
9.979251375102234747e-28 1.634953848545407572e-21
1.035044973751627059e-27 1.673082453225526992e-21
1.073545557095991886e-27 1.712100251832342981e-21
1.113478247213925173e-27 1.752027981193555458e-21
1.154896314202464674e-27 1.792886861739386285e-21
1.197855009647250013e-27 1.834698608780676065e-21
1.242411640327973027e-27 1.877485444049976072e-21
1.288625644665462960e-27 1.921270107511806578e-21
1.336558672012383532e-27 1.966075869448346476e-21
1.386274664893283293e-27 2.011926542826954545e-21
1.437839944303751820e-27 2.058846495956131066e-21
1.491323298182448358e-27 2.106860665436632353e-21
1.546796073174006685e-27 2.155994569414595530e-21
1.604332269805266270e-27 2.206274321143766435e-21
1.664008641201776154e-27 2.257726642864006202e-21
1.725904795476232093e-27 2.310378880003441354e-21
1.790103301925496210e-27 2.364259015711853534e-21
1.856689801177793154e-27 2.419395685732974969e-21
1.925753119437071774e-27 2.475818193623638284e-21
1.997385386976926666e-27 2.533556526327855266e-21
2.071682161042105168e-27 2.592641370114080494e-21
2.148742553321613691e-27 2.653104126884170806e-21
2.228669362163443542e-27 2.714976930862680945e-21
2.311569209707263697e-27 2.778292665675359920e-21
2.397552684118062765e-27 2.843084981825950009e-21
2.486734487110466161e-27 2.909388314580567445e-21
2.579233586960478529e-27 2.977237902269143988e-21
2.675173377208841517e-27 3.046669805013694442e-21
2.774681841267692045e-27 3.117720923893365532e-21
2.877891723150040183e-27 3.190429020556382519e-21
2.984940704549935614e-27 3.264832737289423371e-21
3.095971588509467612e-27 3.340971617555008572e-21
3.211132489917596645e-27 3.418886127007830595e-21
3.330577033095040466e-27 3.498617675001245707e-21
3.454464556728650587e-27 3.580208636595277556e-21
3.582960326428796782e-27 3.663702375077902909e-21
3.716235755193237167e-27 3.749143265011561046e-21
3.854468632071551896e-27 3.836576715817093544e-21
3.997843359335256049e-27 3.926049195907738663e-21
4.146551198469924421e-27 4.017608257385932883e-21
4.300790525317454328e-27 4.111302561316060276e-21
4.460767094708891967e-27 4.207181903586609417e-21
4.626694314940824379e-27 4.305297241375465356e-21
4.798793532461421252e-27 4.405700720232380882e-21
4.977294327145982597e-27 4.508445701793061022e-21
5.162434818555879032e-27 4.613586792139581363e-21
5.354461983589338823e-27 4.721179870822161687e-21
5.553631985947985017e-27 4.831282120557821216e-21
5.760210517858456498e-27 4.943952057621575714e-21
5.974473154505112080e-27 5.059249562946439232e-21
6.196705721646580312e-27 5.177235913948721305e-21
6.427204676906481933e-27 5.297973817095461683e-21
6.666277505247079990e-27 5.421527441231448075e-21
6.914243129153410929e-27 5.547962451683436151e-21
7.171432334074911932e-27 5.677346045159694348e-21
7.438188209692323180e-27 5.809746985463465486e-21
7.714866607598400006e-27 5.945235640039352450e-21
8.001836616002863328e-27 6.083884017371907568e-21
8.299481052095097584e-27 6.225765805256493713e-21
8.608196972721215676e-27 6.370956409962651432e-21
8.928396204056722318e-27 6.519532996310738300e-21
9.260505890981579084e-27 6.671574528683308581e-21
9.604969066890185503e-27 6.827161812992823948e-21
9.962245244696715723e-27 6.986377539628166931e-21
1.033281102982413096e-26 7.149306327402726711e-21
1.071716075599437152e-26 7.316034768527334683e-21
1.111580714466820372e-26 7.486651474632100585e-21
1.152928198901436658e-26 7.661247123861558097e-21
1.195813686331977398e-26 7.839914509067917020e-21
1.240294385878859935e-26 8.022748587128617683e-21
1.286429634670992660e-26 8.209846529413639941e-21
1.334280977001356959e-26 8.401307773430026333e-21
1.383912246426920542e-26 8.597234075670735863e-21
1.435389650922416509e-26 8.797729565695975594e-21
1.488781861201623810e-26 9.002900801475906516e-21
1.544160102323851363e-26 9.212856826023707425e-21
1.601598248708038949e-26 9.427709225349864365e-21
1.661172922680968968e-26 9.647572187767548076e-21
1.722963596691259897e-26 9.872562564581379387e-21
1.787052699325406125e-26 1.010279993219148832e-20
1.853525725267228819e-26 1.033840665564567989e-20
1.922471349347618667e-26 1.057950795367418987e-20
1.993981544836450898e-26 1.082623196524061975e-20
2.068151706134695367e-26 1.107870981764526169e-20
2.145080776030305106e-26 1.133707569621666547e-20
2.224871377687543971e-26 1.160146691562818045e-20
2.307629951546101645e-26 1.187202399287827212e-20
2.393466897312260761e-26 1.214889072197222331e-20
2.482496721231837653e-26 1.243221425034593836e-20
2.574838188841182206e-26 1.272214515707187790e-20
2.670614483400064529e-26 1.301883753288885235e-20
2.769953370217832818e-26 1.332244906209838160e-20
2.872987367091932926e-26 1.363314110637071193e-20
2.979853921086305169e-26 1.395107879050555869e-20
3.090695591885382331e-26 1.427643109019277812e-20
3.205660241968297839e-26 1.460937092181975664e-20
3.324901233857067993e-26 1.495007523437340232e-20
3.448577634701659502e-26 1.529872510348489902e-20
3.576854428475266554e-26 1.565550582766855808e-20
3.709902736062354025e-26 1.602060702680425509e-20
3.847900043533478158e-26 1.639422274291710381e-20
3.991030438911266004e-26 1.677655154330749888e-20
4.139484857743176728e-26 1.716779662608572424e-20
4.293461337809176454e-26 1.756816592816870646e-20
4.453165283303432659e-26 1.797787223579450320e-20
4.618809738842988087e-26 1.839713329761467600e-20
4.790615673668754164e-26 1.882617194042419097e-20
4.968812276417678606e-26 1.926521618758965276e-20
5.153637260859979447e-26 1.971449938024055272e-20
5.345337183008463249e-26 2.017426030128578120e-20
5.544167770023650179e-26 2.064474330232308212e-20
5.750394261353059729e-26 2.112619843350800591e-20
5.964291762559893088e-26 2.161888157645153772e-20
6.186145612313162701e-26 2.212305458021740755e-20
6.416251763028477266e-26 2.263898540049036585e-20
6.654917175668013197e-26 2.316694824199116164e-20
6.902460229225356152e-26 2.370722370421174571e-20
7.159211145442264054e-26 2.426009893054993569e-20
7.425512429323650589e-26 2.482586776092214514e-20
7.701719326038047345e-26 2.540483088793452698e-20
7.988200294813991196e-26 2.599729601669754909e-20
8.285337500463347816e-26 2.660357802836642583e-20
8.593527323188196266e-26 2.722399914749630213e-20
8.913180887351014590e-26 2.785888911330053332e-20
9.244724609913142759e-26 2.850858535490207370e-20
9.588600769274192294e-26 2.917343317067342780e-20
9.945268095269892720e-26 2.985378591175773241e-20
1.031520238111656909e-25 3.055000516987075346e-20
1.069889711811789557e-25 3.126246096948234540e-20
1.109686415398091462e-25 3.199153196447991660e-20
1.150963437561961824e-25 3.273760563941888817e-20
1.193775841735619577e-25 3.350107851546546438e-20
1.238180739546621797e-25 3.428235636114415295e-20
1.284237367004571791e-25 3.508185440799844697e-20
1.332007163521808397e-25 3.589999757128224046e-20
1.381553853873423942e-25 3.673722067579805703e-20
1.432943533205891455e-25 3.759396868700124033e-20
1.486244755207865347e-25 3.847069694749560501e-20
1.541528623560563582e-25 3.936787141904291057e-20
1.598868886789893431e-25 4.028596893021732628e-20
1.658342036646804006e-25 4.122547742983586228e-20
1.720027410147009645e-25 4.218689624629795696e-20
1.784007295406419226e-25 4.317073635297537936e-20
1.850367041413198254e-25 4.417752063978944622e-20
1.919195171883102519e-25 4.520778419112328477e-20
1.990583503349865796e-25 4.626207457021501820e-20
2.064627267648193683e-25 4.734095211018348681e-20
2.141425238952791689e-25 4.844499021184184901e-20
2.221079865542772029e-25 4.957477564845518296e-20
2.303697406467464105e-25 5.073090887760818217e-20
2.389388073295612203e-25 5.191400436034347738e-20
2.478266177137326791e-25 5.312469088774467083e-20
2.570450281134823315e-25 5.436361191513583349e-20
2.666063358625229810e-25 5.563142590407348950e-20
2.765232957186790104e-25 5.692880667231736721e-20
2.868091368786885556e-25 5.825644375196046078e-20
2.974775806259187450e-25 5.961504275591291521e-20
3.085428586345222598e-25 6.100532575293326070e-20
3.200197319544410484e-25 6.242803165140407913e-20
3.319235107026194044e-25 6.388391659206160779e-20
3.442700744866459935e-25 6.537375434988108157e-20
3.570758935881111754e-25 6.689833674533705681e-20
3.703580509339153612e-25 6.845847406525448110e-20
3.841342648848448713e-25 7.005499549347490388e-20
3.984229128718219300e-25 7.168874955156744691e-20
4.132430559113318667e-25 7.336060454981597122e-20
4.286144640327846443e-25 7.507144904872786406e-20
4.445576426516633473e-25 7.682219233130239470e-20
4.610938599236985157e-25 7.861376488631602746e-20
4.782451751165261441e-25 8.044711890287777113e-20
4.960344680366931222e-25 8.232322877651974146e-20
5.144854695512490344e-25 8.424309162708932879e-20
5.336227932446600678e-25 8.620772782872114732e-20
5.534719682532612518e-25 8.821818155216876020e-20
5.740594733210519222e-25 9.027552131978450422e-20
5.954127721222720376e-25 9.238084057344374234e-20
6.175603498978579205e-25 9.453525825571264112e-20
6.405317514546789960e-25 9.673991940457217177e-20
6.643576205782277848e-25 9.899599576201114209e-20
6.890697409113431963e-25 1.013046863968137773e-19
7.147010783534986708e-25 1.036672183418717500e-19
7.412858250372306137e-25 1.060848472463610064e-19
7.688594449403318711e-25 1.085588580431268070e-19
7.974587211947092106e-25 1.110905656316361556e-19
8.271218051549774274e-25 1.136813155768572471e-19
8.578882672922572112e-25 1.163324848244386864e-19
8.897991499810722282e-25 1.190454824325684889e-19
9.228970222497729559e-25 1.218217503209028986e-19
9.572260365674832668e-25 1.246627640369601166e-19
9.928319877433851060e-25 1.275700335403905361e-19
1.029762374016860152e-24 1.305451040055369792e-19
1.068066460420005874e-24 1.335895566427129761e-19
1.107795344497066063e-24 1.367050095386367996e-19
1.149002024468388566e-24 1.398931185164640042e-19
1.191741469929919919e-24 1.431555780158808606e-19
1.236070695182487294e-24 1.464941219937230034e-19
1.282048835288717372e-24 1.499105248455990648e-19
1.329737224959039145e-24 1.534066023490088913e-19
1.379199480372034874e-24 1.569842126284596103e-19
1.430501584038219216e-24 1.606452571430881636e-19
1.483711972820539173e-24 1.643916816973206343e-19
1.538901629228955323e-24 1.682254774751019237e-19
1.596144176110909601e-24 1.721486820982473386e-19
1.655515974863997322e-24 1.761633807094770903e-19
1.717096227301873068e-24 1.802717070807127830e-19
1.780967081309222655e-24 1.844758447472192077e-19
1.847213740426830379e-24 1.887780281682009272e-19
1.915924577512858802e-24 1.931805439144663852e-19
1.987191252631988110e-24 1.976857318837919444e-19
2.061108835329715105e-24 2.022959865446335421e-19
2.137775931454816537e-24 2.070137582088425630e-19
2.217294814699309662e-24 2.118415543340690785e-19
2.299771563031256696e-24 2.167819408565395056e-19
2.385316200202485114e-24 2.218375435549192559e-19
2.474042842519952712e-24 2.270110494459855128e-19
2.566069851076613897e-24 2.323052082128530153e-19
2.661519989644743287e-24 2.377228336665074997e-19
2.760520588442493405e-24 2.432668052414308226e-19
2.863203713992040425e-24 2.489400695261075389e-19
2.969706345295953645e-24 2.547456418292282071e-19
3.080170556566829518e-24 2.606866077824242151e-19
3.194743706753846714e-24 2.667661249803797054e-19
3.313578636119223652e-24 2.729874246592014738e-19
3.436833870126698680e-24 2.793538134139324787e-19
3.564673830914048186e-24 2.858686749561240195e-19
3.697269056631752455e-24 2.925354719124013821e-19
3.834796428940458140e-24 2.993577476649810044e-19
3.977439408970546132e-24 3.063391282351099773e-19
4.125388282058818923e-24 3.134833242104407731e-19
4.278840411588591652e-24 3.207941327173563609e-19
4.438000502271894502e-24 3.282754394392986622e-19
4.603080873224974942e-24 3.359312206821721752e-19
4.774301741201461172e-24 3.437655454879236777e-19
4.951891514360809950e-24 3.517825777974130727e-19
5.136087096964213070e-24 3.599865786637378702e-19
5.327134205404200141e-24 3.683819085171782232e-19
5.525287695989608051e-24 3.769730294829700314e-19
5.730811904923248770e-24 3.857645077531416893e-19
5.943981000925568151e-24 3.947610160136658065e-19
6.165079350975018774e-24 4.039673359282285970e-19
6.394401899652788913e-24 4.133883606799291238e-19
6.632254562598067964e-24 4.230290975722629033e-19
6.878954634598617692e-24 4.328946706907706181e-19
7.134831212861221277e-24 4.429903236267730815e-19
7.400225636026314315e-24 4.533214222646279942e-19
7.675491939512863993e-24 4.638934576340069619e-19
7.960997327800591504e-24 4.747120488286955300e-19
8.257122664279745959e-24 4.857829459934761417e-19
8.564262979321754837e-24 4.971120333806773746e-19
8.882827997248755561e-24 5.087053324780219709e-19
9.213242682904536523e-24 5.205690052094208119e-19
9.555947808556550674e-24 5.327093572104371229e-19
9.911400541884853399e-24 5.451328411801437481e-19
1.028007505584250132e-23 5.578460603111641300e-19
1.066246316120107458e-23 5.708557717997242178e-19
1.105907496262465448e-23 5.841688904375662216e-19
1.147043953914814979e-23 5.977924922876541854e-19
1.189710564996726367e-23 6.117338184456145463e-19
1.233964246648167371e-23 6.260002788889099290e-19
1.279864033156807731e-23 6.405994564157988310e-19
1.327471154709608592e-23 6.555391106761785368e-19
1.376849119073698894e-23 6.708271822964363316e-19
1.428063796315572291e-23 6.864717971005292272e-19
1.481183506671571213e-23 7.024812704295155899e-19
1.536279111686882639e-23 7.188641115618436222e-19
1.593424108744664276e-23 7.356290282367531713e-19
1.652694729111317087e-23 7.527849312831763211e-19
1.714170039628803091e-23 7.703409393566244903e-19
1.777932048189582329e-23 7.883063837865612202e-19
1.844065813134917968e-23 8.066908135368478512e-19
1.912659556722456628e-23 8.255040002818938696e-19
1.983804782814497274e-23 8.447559436012232492e-19
2.057596398943854863e-23 8.644568762951950770e-19
2.134132842920263399e-23 8.846172698247349022e-19
2.213516214146135856e-23 9.052478398779499145e-19
2.295852409816883398e-23 9.263595520665941704e-19
2.381251266187466846e-23 9.479636277554103708e-19
2.469826705093685605e-23 9.700715500274601082e-19
2.561696885923544172e-23 9.926950697885887806e-19
2.656984363241575977e-23 1.015846212014303975e-18
2.755816250276279132e-23 1.039537282142367974e-18
2.858324388488803236e-23 1.063780872614506549e-18
2.964645523449120214e-23 1.088589869570729013e-18
3.074921487254189746e-23 1.113977459699786887e-18
3.189299387731603237e-23 1.139957137249453935e-18
3.307931804681013551e-23 1.166542711200328240e-18
3.430976993415160160e-23 1.193748312606981421e-18
3.558599095872001244e-23 1.221588402110355758e-18
3.690968359579648833e-23 1.250077777625421907e-18
3.828261364766020996e-23 1.279231582208142808e-18
3.970661259916429876e-23 1.309065312105985467e-18
4.118358006093122986e-23 1.339594824996216670e-18
4.271548630342819374e-23 1.370836348416387453e-18
4.430437488530226415e-23 1.402806488391480819e-18
4.595236537948237739e-23 1.435522238262326072e-18
4.766165620068300446e-23 1.469000987719939545e-18
4.943452753808367539e-23 1.503260532050646811e-18
5.127334439709489675e-23 1.538319081596866289e-18
5.318055975426857416e-23 1.574195271438599606e-18
5.515871782956255557e-23 1.610908171300792140e-18
5.721045748032193121e-23 1.648477295691787620e-18
5.933851572150804461e-23 1.686922614278334696e-18
6.154573137686859951e-23 1.726264562502614718e-18
6.383504886592069888e-23 1.766524052446957402e-18
6.620952213179788582e-23 1.807722483952018691e-18
6.867231871520276287e-23 1.849881755994355384e-18
7.122672397989605568e-23 1.893024278329395995e-18
7.387614549536362422e-23 1.937172983406069801e-18
7.662411758250427496e-23 1.982351338559385915e-18
7.947430602840394827e-23 2.028583358487461422e-18
8.243051297648619863e-23 2.075893618019651514e-18
8.549668199855958757e-23 2.124307265182526623e-18
8.867690335553236655e-23 2.173850034570714243e-18
9.197541945380888333e-23 2.224548261029673995e-18
9.539663050464775975e-23 2.276428893657689811e-18
9.894510039403138297e-23 2.329519510134539500e-18
1.026255627708779594e-22 2.383848331384481879e-18
1.064429273617142947e-22 2.439444236581293678e-18
1.104022865202385007e-22 2.496336778503435891e-18
1.145089220205051275e-22 2.554556199247449647e-18
1.187683121027971609e-22 2.614133446307965161e-18
1.231861387815828535e-22 2.675100189032876462e-18
1.277682954253085402e-22 2.737488835462460636e-18
1.325208946181335619e-22 2.801332549561335184e-18
1.374502763141019001e-22 2.866665268852511786e-18
1.425630162946228099e-22 2.933521722462862607e-18
1.478659349405442099e-22 3.001937449589623389e-18
1.533661063305239323e-22 3.071948818397791403e-18
1.590708676778275591e-22 3.143593045358376847e-18
1.649878291181526643e-22 3.216908215037934298e-18
1.711248838615281063e-22 3.291933300349798513e-18
1.774902187218340626e-22 3.368708183277845203e-18
1.840923250379879663e-22 3.447273676083793126e-18
1.909400100013699581e-22 3.527671543009373867e-18
1.980424084045873617e-22 3.609944522484811659e-18
2.054089948272650600e-22 3.694136349855577117e-18
2.130495962751083027e-22 3.780291780639408024e-18
2.209744052890995437e-22 3.868456614325993632e-18
2.291939935423200265e-22 3.958677718732016648e-18
2.377193259425347043e-22 4.051003054924520967e-18
2.465617752593439107e-22 4.145481702725776210e-18
2.557331372954297534e-22 4.242163886813370167e-18
2.652456466221225045e-22 4.341101003429288758e-18
2.751119929002840893e-22 4.442345647712256981e-18
2.853453378082836742e-22 4.545951641667923961e-18
2.959593325996348897e-22 4.651974062791648602e-18
3.069681363137325436e-22 4.760469273359301736e-18
3.183864346639715738e-22 4.871494950401545379e-18
3.302294596284472198e-22 4.985110116377596641e-18
3.425130097693704735e-22 5.101375170564778139e-18
3.552534713083098464e-22 5.220351921180647480e-18
3.684678399853589874e-22 5.342103618254632426e-18
3.821737437314110002e-22 5.466694987266887213e-18
3.963894661837671544e-22 5.594192263572117089e-18
4.111339710764573689e-22 5.724663227626772171e-18
4.264269275378133952e-22 5.858177241038382278e-18
4.422887363290233933e-22 5.994805283456107144e-18
4.587405570586951904e-22 6.134619990322316764e-18
4.758043364097142710e-22 6.277695691505192229e-18
4.935028374160565205e-22 6.424108450832926031e-18
5.118596698286115660e-22 6.573936106550597640e-18
5.308993216105298930e-22 6.727258312721316365e-18
5.506471916040884160e-22 6.884156581593501575e-18
5.711296234126807328e-22 7.044714326957093281e-18
5.923739405431096991e-22 7.209016908511631671e-18
6.144084828550679933e-22 7.377151677269876056e-18
6.372626443664317988e-22 7.549208022021123619e-18
6.609669124648031724e-22 7.725277416879064775e-18
6.855529085775918866e-22 7.905453469939303125e-18
7.110534303549164649e-22 8.089831973072690281e-18
7.375024954215768003e-22 8.278510952880846941e-18
7.649353867564674811e-22 8.471590722841022743e-18
7.933886997599845474e-22 8.669173936668194687e-18
8.229003910721698998e-22 8.871365642922579707e-18
8.535098292067756498e-22 9.078273340891938771e-18
8.852578470687472725e-22 9.290007037778253234e-18
9.181867964252053382e-22 9.506679307219306383e-18
9.523406044025814346e-22 9.728405349176290112e-18
9.877648320852943325e-22 9.955303051219521177e-18
1.024506735294089936e-21 1.018749305124454255e-17
1.062615327625189020e-21 1.042509880165252314e-17
1.102141445834281940e-21 1.066824663502874761e-17
1.143137817652618340e-21 1.091706583135436660e-17
1.185659132125653002e-21 1.117168868678720685e-17
1.229762112568091223e-21 1.143225058404835537e-17
1.275505592232610113e-21 1.169889006445175450e-17
1.322950592793271579e-21 1.197174890161559594e-17
1.372160405748257106e-21 1.225097217689449789e-17
1.423200676850546206e-21 1.253670835657274317e-17
1.476139493679186076e-21 1.282910937085988273e-17
1.531047476467905556e-21 1.312833069473038323e-17
1.587997872312325745e-21 1.343453143065097558e-17
1.647066652881378706e-21 1.374787439323937070e-17
1.708332615763298465e-21 1.406852619589962657e-17
1.771877489581380080e-21 1.439665733948031018e-17
1.837786043019757543e-21 1.473244230300294183e-17
1.906146197904556316e-21 1.507605963650850619e-17
1.977049146491387840e-21 1.542769205607230480e-17
2.050589473115555901e-21 1.578752654103720404e-17
2.126865280367290701e-21 1.615575443351736654e-17
2.205978319960358720e-21 1.653257154022568946e-17
2.288034128468518822e-21 1.691817823667866003e-17
2.373142168111049334e-21 1.731277957383495795e-17
2.461415972775031369e-21 1.771658538722415255e-17
2.552792038786654887e-21 1.812981040860219562e-17
2.629686514998514091e-21 1.855267416852333701e-17
2.708897184767104308e-21 1.898540130824169662e-17
2.790493815816404101e-21 1.942822190538738919e-17
2.874548277393948455e-21 1.988137140485730473e-17
2.961134603572318267e-21 2.034509074403425710e-17
3.050329058457390378e-21 2.081962648092790086e-17
3.142210203360747255e-21 2.130523092530544945e-17
3.236858965995499906e-21 2.180216227288241563e-17
3.334358711756305149e-21 2.231068474264385085e-17
3.434795317146549141e-21 2.283106871737026436e-17
3.538257245417247419e-21 2.336359088744222068e-17
3.644835624484305767e-21 2.390853439800035394e-17
3.754624327192843067e-21 2.446618899953941080e-17
3.867720053999107307e-21 2.503685120201564566e-17
3.984222418143015099e-21 2.562082443255063889e-17
4.104234033386180345e-21 2.621841919681465505e-17
4.227860604392781468e-21 2.682995324417567801e-17
4.355211019832832922e-21 2.745575173670205306e-17
4.486397448289953019e-21 2.809614742210884201e-17
4.621535437057919081e-21 2.875148081073912776e-17
4.760744013913265840e-21 2.942210035667567138e-17
4.904145791953371494e-21 3.010836264307826288e-17
5.051867077592493335e-21 3.081063257184594942e-17
5.204037981810781065e-21 3.152928355770479178e-17
5.360792534754385645e-21 3.226469772682487181e-17
5.522268803787386799e-21 3.301726612007132160e-17
5.688609015099776385e-21 3.378738890099876699e-17
5.859959678978413807e-21 3.457547556869894830e-17
6.036471718851365699e-21 3.538194517561510158e-17
6.218300604219340229e-21 3.620722655043935296e-17
6.405606487591116220e-21 3.705175852621075231e-17
6.598554345543838742e-21 3.791599017373669448e-17
6.797314124032216347e-21 3.880038104046085807e-17
7.002060888074694263e-21 3.970540139490539551e-17
7.212974975948442502e-21 4.063153247681706835e-17
7.430242158028995613e-21 4.157926675315111333e-17
7.654053800414296631e-21 4.254910818002791962e-17
7.884607033477513230e-21 4.354157247080326701e-17
8.122104925496874539e-21 4.455718737039392926e-17
8.366756661515563319e-21 4.559649293600487736e-17
8.618777727589228631e-21 4.666004182440791726e-17
8.878390100583178497e-21 4.774839958592347585e-17
9.145822443686790386e-21 4.886214496526351708e-17
9.421310307817033297e-21 5.000187020939484549e-17
9.705096339088649600e-21 5.116818138258657839e-17
9.997430492533656063e-21 5.236169868880994340e-17
1.029857025225858017e-20 5.358305680166202793e-17
1.060878085823293807e-20 5.483290520198797912e-17
1.092833553990924632e-20 5.611190852338321543e-17
1.125751575687993631e-20 5.742074690575811105e-17
1.159661144678327634e-20 5.876011635715375855e-17
1.194592128067663273e-20 6.013072912400157548e-17
1.230575292610216594e-20 6.153331407002419806e-17
1.267642331807620417e-20 6.296861706397777380e-17
1.305825893824158833e-20 6.443740137644428832e-17
1.345159610242839243e-20 6.594044808588341821e-17
1.385678125687652286e-20 6.747855649416100693e-17
1.427417128338113010e-20 6.905254455177513107e-17
1.470413381362928635e-20 7.066324929300523556e-17
1.514704755300525095e-20 7.231152728121776687e-17
1.560330261414926949e-20 7.399825506456400085e-17
1.607330086056362289e-20 7.572432964231291114e-17
1.655745626056874748e-20 7.749066894206747092e-17
1.705619525192127301e-20 7.929821230811910353e-17
1.756995711741474251e-20 8.114792100119884360e-17
1.809919437179399991e-20 8.304077870989144921e-17
1.864437316032439083e-20 8.497779207398691475e-17
1.920597366936663293e-20 8.695999122004615132e-17
1.978449054931856091e-20 8.898843030946526841e-17
2.038043335029634729e-20 9.106418809933040932e-17
2.099432697094027388e-20 9.318836851636621079e-17
2.162671212073828040e-20 9.536210124427628586e-17
2.227814579627556651e-20 9.758654232479239595e-17
2.294920177183006386e-20 9.986287477275299646e-17
2.364047110474611617e-20 1.021923092055402094e-16
2.435256265602867251e-20 1.045760844871997041e-16
2.508610362662095984e-20 1.070154683876025524e-16
2.584174010983495123e-20 1.095117582569891820e-16
2.662013766042177844e-20 1.120662817162564044e-16
2.742198188078319789e-20 1.146803973633554607e-16
2.824797902484204065e-20 1.173554954961814748e-16
2.909885662010106367e-20 1.200929988523320695e-16
2.997536410843943210e-20 1.228943633661327542e-16
3.087827350621150362e-20 1.257610789433335370e-16
3.180838008422919018e-20 1.286946702538884965e-16
3.276650306822576035e-20 1.316966975432372968e-16
3.375348636041866752e-20 1.347687574625224961e-16
3.477019928280859197e-20 1.379124839181904236e-16
3.581753734286646770e-20 1.411295489414180305e-16
3.689642302228434477e-20 1.444216635778342965e-16
3.800780658948542632e-20 1.477905787980109629e-16
3.915266693660941309e-20 1.512380864292095922e-16
4.033201244170564678e-20 1.547660201088664289e-16
4.154688185690062070e-20 1.583762562603449547e-16
4.279834522331757804e-20 1.620707150914614782e-16
4.408750481355435617e-20 1.658513616163168299e-16
4.541549610254998597e-20 1.697202067009800325e-16
4.678348876769757251e-20 1.736793081335864259e-16
4.819268771908022480e-20 1.777307717194102912e-16
4.964433416073959089e-20 1.818767524014991810e-16
5.113970668391267556e-20 1.861194554074714125e-16
5.268012239319881594e-20 1.904611374230832612e-16
5.426693806664776643e-20 1.949041077931890516e-16
5.590155135079121248e-20 1.994507297507345562e-16
5.758540199167321926e-20 2.041034216744474765e-16
5.931997310295907478e-20 2.088646583758804775e-16
6.110679247224167939e-20 2.137369724164996411e-16
6.294743390669722388e-20 2.187229554555220526e-16
6.484351861927630029e-20 2.238252596292232911e-16
6.679671665664323963e-20 2.290465989624281283e-16
6.880874837013362272e-20 2.343897508129684394e-16
7.088138593101768902e-20 2.398575573498571517e-16
7.301645489140501105e-20 2.454529270659675863e-16
7.521583579216571691e-20 2.511788363260248266e-16
7.748146581928880276e-20 2.570383309507462431e-16
7.981534051012892813e-20 2.630345278379543027e-16
8.221951551104897487e-20 2.691706166215368523e-16
8.469610838800728701e-20 2.754498613691424459e-16
8.724730049168296141e-20 2.818756023195091277e-16
8.987533887878031032e-20 2.884512576603502314e-16
9.258253829120559272e-20 2.951803253477451090e-16
9.537128319486422944e-20 3.020663849680178590e-16
9.824402987986596952e-20 3.091130996430744519e-16
1.012033086239921487e-19 3.163242179802239182e-16
1.042517259213315663e-19 3.237035760675268694e-16
1.073919667780504161e-19 3.312550995157375951e-16
1.106267970773042581e-19 3.389828055478958237e-16
1.139590660153953139e-19 3.468908051377298438e-16
1.173917086113082598e-19 3.549833051979800745e-16
1.209277482918353633e-19 3.632646108198108949e-16
1.245702995545695910e-19 3.717391275645070407e-16
1.283225707111169603e-19 3.804113638086902689e-16
1.321878667129340059e-19 3.892859331442814404e-16
1.361695920622840793e-19 3.983675568344991403e-16
1.402712538108801315e-19 4.076610663272091271e-16
1.444964646488514676e-19 4.171714058269597571e-16
1.488489460867526820e-19 4.269036349270650082e-16
1.533325317334190257e-19 4.368629313031439102e-16
1.579511706725641292e-19 4.470545934695691168e-16
1.627089309410784787e-19 4.574840436002617287e-16
1.676100031121020921e-19 4.681568304153546701e-16
1.726587039860270071e-19 4.790786321352640826e-16
1.778594803926851501e-19 4.902552595037544932e-16
1.832169131080471840e-19 5.016926588815534894e-16
1.887357208889164879e-19 5.133969154122455780e-16
1.944207646291495086e-19 5.253742562620802396e-16
2.002770516410660845e-19 5.376310539354265176e-16
2.063097400658211222e-19 5.501738296676468115e-16
2.125241434166347440e-19 5.630092568972197341e-16
2.189257352588619016e-19 5.761441648189230629e-16
2.255201540310352457e-19 5.895855420199926302e-16
2.323132080111300963e-19 6.033405402012038645e-16
2.393108804324225773e-19 6.174164779848504050e-16
2.465193347534410943e-19 6.318208448116376916e-16
2.539449200866558949e-19 6.465613049285793541e-16
2.615941767907025178e-19 6.616457014700455493e-16
2.694738422310405281e-19 6.770820606340950468e-16
2.775908567141338205e-19 6.928785959563401049e-16
2.859523696003837041e-19 7.090437126836318326e-16
2.945657456012021705e-19 7.255860122499049136e-16
3.034385712657361546e-19 7.425142968564986728e-16
3.125786616630108990e-19 7.598375741595013249e-16
3.219940672653432052e-19 7.775650620665516320e-16
3.316930810390884581e-19 7.957061936456567383e-16
3.416842457489726554e-19 8.142706221486549632e-16
3.519763614824595257e-19 8.332682261520329943e-16
3.625784934007388382e-19 8.527091148177621531e-16
3.734999797232150842e-19 8.726036332770555586e-16
3.847504399524833244e-19 8.929623681398334314e-16
3.963397833470554591e-19 9.137961531328680796e-16
4.082782176493202209e-19 9.351160748696545546e-16
4.205762580763725754e-19 9.569334787549872929e-16
4.332447365816947373e-19 9.792599750275102082e-16
4.462948113957929261e-19 1.002107444943362246e-15
4.597379768542144529e-19 1.025488047104257653e-15
4.735860735216237676e-19 1.049414223933415540e-15
4.878512986207999178e-19 1.073898708302693377e-15
5.025462167758061954e-19 1.098954530314577231e-15
5.176837710787416262e-19 1.124595024242550826e-15
5.332772944898377128e-19 1.150833835633576107e-15
5.493405215809762184e-19 1.177684928576529821e-15
5.658876006328978228e-19 1.205162593140352683e-15
5.829331060968453528e-19 1.233281452986025023e-15
6.004920514315282934e-19 1.262056473156278912e-15
6.185799023268008375e-19 1.291502968047350587e-15
6.372125903256316863e-19 1.321636609566904648e-15
6.564065268563881202e-19 1.352473435482527715e-15
6.761786176878319374e-19 1.384029857965306997e-15
6.965462778194727221e-19 1.416322672332908038e-15
7.175274468204954273e-19 1.449369065996986169e-15
7.391406046306898548e-19 1.483186627619570175e-15
7.614047878373281721e-19 1.517793356483346973e-15
7.843396064423685939e-19 1.553207672080921267e-15
8.079652611346590799e-19 1.589448423928006769e-15
8.323025610824672142e-19 1.626534901605974993e-15
8.573729422619130924e-19 1.664486845038960194e-15
8.831984863374836046e-19 1.703324455011070700e-15
9.098019401113049353e-19 1.743068403929384833e-15
9.372067355581925289e-19 1.783739846838304358e-15
9.654370104642671825e-19 1.825360432691365492e-15
9.945176296871627163e-19 1.867952315886283145e-15
1.024474207056700588e-18 1.911538168069622882e-15
1.055333127935206875e-18 1.956141190217211720e-15
1.087121572457374383e-18 2.001785124996804939e-15
1.119867539470210295e-18 2.048494269419688579e-15
1.153599871194009246e-18 2.096293487787782526e-15
1.188348278626247126e-18 2.145208224943381805e-15
1.224143367710619890e-18 2.195264519828412965e-15
1.261016666294341803e-18 2.246489019360522257e-15
1.299000651897506466e-18 2.298908992633498834e-15
1.338128780318808528e-18 2.352552345449376892e-15
1.378435515103023334e-18 2.407447635190258788e-15
1.419956357896025772e-18 2.463624086037574194e-15
1.462727879714157075e-18 2.521111604546969573e-15
1.506787753155545075e-18 2.579940795587263286e-15
1.552174785581581830e-18 2.640142978651728835e-15
1.598928953298001248e-18 2.701750204550711109e-15
1.647091436765422320e-18 2.764795272494177757e-15
1.696704656870618870e-18 2.829311747573640460e-15
1.747812312290259596e-18 2.895333978652523936e-15
1.800459417980105127e-18 2.962897116674632793e-15
1.854692344823655553e-18 3.032037133400621575e-15
1.910558860474943657e-18 3.102790840582167834e-15
1.968108171431731990e-18 3.175195909584461158e-15
2.027390966375922356e-18 3.249290891467174618e-15
2.088459460819452280e-18 3.325115237534766236e-15
2.151367443095114585e-18 3.402709320367221211e-15
2.216170321732526966e-18 3.482114455342136155e-15
2.282925174261323897e-18 3.563372922660048069e-15
2.351690797484262944e-18 3.646527989884424067e-15
2.422527759264647427e-18 3.731623935008495009e-15
2.495498451873793939e-18 3.818706070061401777e-15
2.570667146945228490e-18 3.907820765265896932e-15
2.648100052084409333e-18 3.999015473760964647e-15
2.727865369183411245e-18 4.092338756902091929e-15
2.810033354492362602e-18 4.187840310153183150e-15
2.894676380500185395e-18 4.285570989583547468e-15
2.981868999679299938e-18 4.385582838984301395e-15
3.071688010150572247e-18 4.487929117618803339e-15
3.164212523325973463e-18 4.592664328621577562e-15
3.259524033588988700e-18 4.699844248061361199e-15
3.357706490073757220e-18 4.809525954683429937e-15
3.458846370606328187e-18 4.921767860347202823e-15
3.563032757873317196e-18 5.036629741175655191e-15
3.670357417884629632e-18 5.154172769432643533e-15
3.780914880799898645e-18 5.274459546145820666e-15
3.894802524189357126e-18 5.397554134492034674e-15
4.012120658802669526e-18 5.523522093963287564e-15
4.132972616921476499e-18 5.652430515331712987e-15
4.257464843372942251e-18 5.784348056431734979e-15
4.385706989285136657e-18 5.919344978779186030e-15
4.517812008666238959e-18 6.057493185046414963e-15
4.653896257892881767e-18 6.198866257413604714e-15
4.794079598195509371e-18 6.343539496817114887e-15
4.938485501230374666e-18 6.491589963115152005e-15
5.087241157831971339e-18 6.643096516193061446e-15
5.240477590040851974e-18 6.798139858029373874e-15
5.398329766506313282e-18 6.956802575745945383e-15
5.560936721364948083e-18 7.119169185664490103e-15
5.728441676700006416e-18 7.285326178393404592e-15
5.900992168689738339e-18 7.455362064969201433e-15
6.078740177555101147e-18 7.629367424076568132e-15
6.261842261422163423e-18 7.807434950373183111e-15
6.450459694216367923e-18 7.989659503944328818e-15
6.644758607710406744e-18 8.176138160914132712e-15
6.844910137851137660e-18 8.366970265240770118e-15
7.051090575493629827e-18 8.562257481722554385e-15
7.263481521676093929e-18 8.762103850244244181e-15
7.482270047571591149e-18 8.966615841291772854e-15
7.707648859257781759e-18 9.175902412765373427e-15
7.939816467450169581e-18 9.390075068121956308e-15
8.178977362347450153e-18 9.609247915876831596e-15
8.425342193744130917e-18 9.833537730497824534e-15
8.679127956567790404e-18 1.006306401472316183e-14
8.940558182005654206e-18 1.029794906333760994e-14
9.209863134387852587e-18 1.053831802844009539e-14
9.487280014001073998e-18 1.078429898623803743e-14
9.773053166011810712e-18 1.103602300540464942e-14
1.006743429568201973e-17 1.129362421703466310e-14
1.037068269006815873e-17 1.155723988623723923e-14
1.068306544639771701e-17 1.182701048540331103e-14
1.100485770732477678e-17 1.210307976918696315e-14
1.133634290327248054e-17 1.238559485124149596e-14
1.167781300207437234e-17 1.267470628275005066e-14
1.202956876613627515e-17 1.297056813279429126e-14
1.239192001734371922e-17 1.327333807060295952e-14
1.276518590994882171e-17 1.358317744972475502e-14
1.314969521167761932e-17 1.390025139417124241e-14
1.354578659330388599e-17 1.422472888657450140e-14
1.395380892694646109e-17 1.455678285840845274e-14
1.437412159335069255e-17 1.489659028232034609e-14
1.480709479842681302e-17 1.524433226662367309e-14
1.525310989932227935e-17 1.560019415200164858e-14
1.571255974031589720e-17 1.596436561047358191e-14
1.618584899883051501e-17 1.633704074667782035e-14
1.667339454186694653e-17 1.671841820152394155e-14
1.717562579317557209e-17 1.710870125827163049e-14
1.769298511148694702e-17 1.750809795109142005e-14
1.822592818013528110e-17 1.791682117616612861e-14
1.877492440841905571e-17 1.833508880539315933e-14
1.934045734504980976e-17 1.876312380274694264e-14
1.992302510405624110e-17 1.920115434336587072e-14
2.052314080351625251e-17 1.964941393542581688e-14
2.114133301750430676e-17 2.010814154486621384e-14
2.177814624165336536e-17 2.057758172303635942e-14
2.243414137273859571e-17 2.105798473732833065e-14
2.310989620270890856e-17 2.154960670486908787e-14
2.380600592759756155e-17 2.205270972934069629e-14
2.452308367176393852e-17 2.256756204100467654e-14
2.526176102792511642e-17 2.309443814000340015e-14
2.602268861345405825e-17 2.363361894301610972e-14
2.680653664343589262e-17 2.418539193334928921e-14
2.761399552098344687e-17 2.475005131453927967e-14
2.844577644533632727e-17 2.532789816755260871e-14
2.930261203827549752e-17 2.591924061166570601e-14
3.018525698940651952e-17 2.652439396911128148e-14
3.109448872088135919e-17 2.714368093358076898e-14
3.203110807214044972e-17 2.777743174267048142e-14
3.299594000528270945e-17 2.842598435436726382e-14
3.398983433168091513e-17 2.908968462766550869e-14
3.501366646048398410e-17 2.976888650741347249e-14
3.606833816966708883e-17 3.046395221348930566e-14
3.715477840030450547e-17 3.117525243440529969e-14
3.827394407477032070e-17 3.190316652544789187e-14
3.942682093958156328e-17 3.264808271145583777e-14
4.061442443363227821e-17 3.341039829434919432e-14
4.183780058257826605e-17 3.419051986551740844e-14
4.309802692016222322e-17 3.498886352318152070e-14
4.439621343729277785e-17 3.580585509484868711e-14
4.573350355970835648e-17 3.664193036497491199e-14
4.711107515509315423e-17 3.749753530796235489e-14
4.853014157052701309e-17 3.837312632661275934e-14
4.999195270118484787e-17 3.926917049616625016e-14
5.149779609122981848e-17 4.018614581405829965e-14
5.304899806786336756e-17 4.112454145552493606e-14
5.464692490953868546e-17 4.208485803519805066e-14
5.629298404936026808e-17 4.306760787482742771e-14
5.798862531473159639e-17 4.407331527727478032e-14
5.973534220434638188e-17 4.510251680692859025e-14
6.153467320364022004e-17 4.615576157668606330e-14
6.338820313987068989e-17 4.723361154166162593e-14
6.529756457801150829e-17 4.833664179977517872e-14
6.726443925869357439e-17 4.946544089938331905e-14
6.929055957946241569e-17 5.062061115412091014e-14
7.137771012064861500e-17 5.180276896511699757e-14
7.352772921720567984e-17 5.301254515076445398e-14
7.574251057788858895e-17 5.425058528421406765e-14
7.802400495321033250e-17 5.551755003878088709e-14
8.037422185363649205e-17 5.681411554144285848e-14
8.279523131953432212e-17 5.814097373462419405e-14
8.528916574444048433e-17 5.949883274645992911e-14
8.785822175324183277e-17 6.088841726973519120e-14
9.050466213693714932e-17 6.231046894970942227e-14
9.323081784567245303e-17 6.376574678102865078e-14
9.603909004181016517e-17 6.525502751394110974e-14
9.893195221484477200e-17 6.677910607003742245e-14
1.019119523600163803e-16 6.833879596773224854e-14
1.049817152225549486e-16 6.993492975772413695e-14
1.081439446095203085e-16 7.156835946866120692e-14
1.114014257712783154e-16 7.323995706325474262e-14
1.147570278547170084e-16 7.495061490508890858e-14
1.182137064303491339e-16 7.670124623637086787e-14
1.217745060955449119e-16 7.849278566688671350e-14
1.254425631561683678e-16 8.032618967441715076e-14
1.292211083889994806e-16 8.220243711689160639e-14
1.331134698873581312e-16 8.412252975654823291e-14
1.371230759924432361e-16 8.608749279638523663e-14
1.412534583129753934e-16 8.809837542919533230e-14
1.455082548357867109e-16 9.015625139947073484e-14
1.498912131301167338e-16 9.226221957849096340e-14
1.544061936484203765e-16 9.441740455289455018e-14
1.590571731266019855e-16 9.662295722705479278e-14
1.638482480866776647e-16 9.888005543958795596e-14
1.687836384449318724e-16 1.011899045943156140e-13
1.738676912287706927e-16 1.035537383060335587e-13
1.791048844055240848e-16 1.059728190614239972e-13
1.844998308265784862e-16 1.084484388954718072e-13
1.900572822903225435e-16 1.109819200837526861e-13
1.957821337274611185e-16 1.135746158509560579e-13
2.016794275124148562e-16 1.162279110960374203e-13
2.077543579045691916e-16 1.189432231343763868e-13
2.140122756233175669e-16 1.217220024573551894e-13
2.204586925609024044e-16 1.245657335097542913e-13
2.270992866372139162e-16 1.274759354853889767e-13
2.339399068008362557e-16 1.304541631414215845e-13
2.409865781807154432e-16 1.335020076317739452e-13
2.482455073930227808e-16 1.366210973601061939e-13
2.557230880078582262e-16 1.398130988528078858e-13
2.634259061806184217e-16 1.430797176524772565e-13
2.713607464530066974e-16 1.464226992323763559e-13
2.795345977287575228e-16 1.498438299323405743e-13
2.879546594293815803e-16 1.533449379166650752e-13
2.966283478353179513e-16 1.569278941544689938e-13
3.055633026180926020e-16 1.605946134230732944e-13
3.147673935692521079e-16 1.643470553349390139e-13
3.242487275319605769e-16 1.681872253887040816e-13
3.340156555414144141e-16 1.721171760449059827e-13
3.440767801803119585e-16 1.761390078269496119e-13
3.544409631559072457e-16 1.802548704479346681e-13
3.651173331052820683e-16 1.844669639639346041e-13
3.761152936357238790e-16 1.887775399543552388e-13
3.874445316073135247e-16 1.931889027300180825e-13
3.991150256649703724e-16 1.977034105696027446e-13
4.111370550275256238e-16 2.023234769851365873e-13
4.235212085415188109e-16 2.070515720171979816e-13
4.362783940077083392e-16 2.118902235605383164e-13
4.494198477885360738e-16 2.168420187208483882e-13
4.629571447049501006e-16 2.219096052033797512e-13
4.769022082313722878e-16 2.270956927341981757e-13
4.912673209977325206e-16 2.324030545148132695e-13
5.060651356078402495e-16 2.378345287109812245e-13
5.213086857836511935e-16 2.433930199764917152e-13
5.370113978451786794e-16 2.490815010127415410e-13
5.531871025362421938e-16 2.549030141649658649e-13
5.698500472063836753e-16 2.608606730559584958e-13
5.870149083597680140e-16 2.669576642581961907e-13
6.046968045820468276e-16 2.731972490052450000e-13
6.229113098566018109e-16 2.795827649433830181e-13
6.371578615645112246e-16 2.861176039363648994e-13
6.463633355905331941e-16 2.928050872363192493e-13
6.557018076648499941e-16 2.996487448283780801e-13
6.651751993051167549e-16 3.066522219601317799e-13
6.747854597905195591e-16 3.138192489347224769e-13
6.845345665628780798e-16 3.211536430950772084e-13
6.944245256335168627e-16 3.286593108544034280e-13
7.044573719960422183e-16 3.363402497740685218e-13
7.146351700450645610e-16 3.442005506899327010e-13
7.249600140009693404e-16 3.522443998882792588e-13
7.354340283408457203e-16 3.604760813325143503e-13
7.460593682356102832e-16 3.688999789417834619e-13
7.568382199934790912e-16 3.775205789227614993e-13
7.677728015098138423e-16 3.863424721558078865e-13
7.788653627234983160e-16 3.953703566368032296e-13
7.901181860798882983e-16 4.046090399759266417e-13
8.015335870004488770e-16 4.140634419547175953e-13
8.131139143591990159e-16 4.237385971427980246e-13
8.248615509660068925e-16 4.336396575756050575e-13
8.367789140569006746e-16 4.437718954946071843e-13
8.488684557914416720e-16 4.541407061514205842e-13
8.611326637572824346e-16 4.647516106773290637e-13
8.735740614820369980e-16 4.756102590197555914e-13
8.861952089525138653e-16 4.867224329471987805e-13
8.989987031414832005e-16 4.980940491242873180e-13
9.119871785420335557e-16 5.097311622585413693e-13
9.251633077096461217e-16 5.216399683205304602e-13
9.385298018121268235e-16 5.338268078391623206e-13
9.520894111874468434e-16 5.462981692738025887e-13
9.658449259096793238e-16 5.590606924650791636e-13
9.797991763630855935e-16 5.721211721661565287e-13
9.939550338245021834e-16 5.854865616563726065e-13
1.008315411054157216e-15 5.991639764391878553e-13
1.022883262894994855e-15 6.131606980263515868e-13
1.037661586880691822e-15 6.274841778103713292e-13
1.052653423852421392e-15 6.421420410272659440e-13
1.067861858584565634e-15 6.571420908117869750e-13
1.083290020419442760e-15 6.724923123471989979e-13
1.098941083911202609e-15 6.882008771118527248e-13
1.114818269479053371e-15 7.042761472248332817e-13
1.130924844069885818e-15 7.207266798929260959e-13
1.147264121830510786e-15 7.375612319613504300e-13
1.163839464789580911e-15 7.547887645706044773e-13
1.180654283549366623e-15 7.724184479219288027e-13
1.197712037987552641e-15 7.904596661539525730e-13
1.215016237969132678e-15 8.089220223330355186e-13
1.232570444068632307e-15 8.278153435600541471e-13
1.250378268302735916e-15 8.471496861962694501e-13
1.268443374873500180e-15 8.669353412110784422e-13
1.286769480922334491e-15 8.871828396545382012e-13
1.305360357294828036e-15 9.079029582574735303e-13
1.324219829316679297e-15 9.291067251622633052e-13
1.343351777580781232e-15 9.508054257872312313e-13
1.362760138745729556e-15 9.730106088278751157e-13
1.382448906345835567e-15 9.957340923980304195e-13
1.402422131612837194e-15 1.018987970314269949e-12
1.422683924309521251e-15 1.042784618526922320e-12
1.443238453575333614e-15 1.067136701701020945e-12
1.464089948784262893e-15 1.092057179950816803e-12
1.485242700415078254e-15 1.117559315731315776e-12
1.506701060934146616e-15 1.143656680890559023e-12
1.528469445691033541e-15 1.170363163886430519e-12
1.550552333826994101e-15 1.197692977171720713e-12
1.572954269196643451e-15 1.225660664751509724e-12
1.595679861302904318e-15 1.254281109916765453e-12
1.618733786245464331e-15 1.283569543158321799e-12
1.642120787682973530e-15 1.313541550265487375e-12
1.665845677809085002e-15 1.344213080613469520e-12
1.689913338342663065e-15 1.375600455644171158e-12
1.714328721532228425e-15 1.407720377544710687e-12
1.739096851174980288e-15 1.440589938128432283e-12
1.764222823650499578e-15 1.474226627923003183e-12
1.789711808969384502e-15 1.508648345470470941e-12
1.815569051837080550e-15 1.543873406844297273e-12
1.841799872733015010e-15 1.579920555388264720e-12
1.868409669005390744e-15 1.616808971682628573e-12
1.895403915981748913e-15 1.654558283742645553e-12
1.922788168095577525e-15 1.693188577454967210e-12
1.950568060029245850e-15 1.732720407257518249e-12
1.978749307873378697e-15 1.773174807068355623e-12
2.007337710303053551e-15 1.814573301469534925e-12
2.036339149770942036e-15 1.856937917151753540e-12
2.065759593717689578e-15 1.900291194625912230e-12
2.095605095799831833e-15 1.944656200207913688e-12
2.140017610132402463e-15 1.990056602041887022e-12
2.208018021258083551e-15 2.036517188587783988e-12
2.278179188394061051e-15 2.084062888219565100e-12
2.350569770927236076e-15 2.132719057925666664e-12
2.425260609939893708e-15 2.182511647668502486e-12
2.502324797534406097e-15 2.233467214264799712e-12
2.581837748360917209e-15 2.285612935591368454e-12
2.663877273417653401e-15 2.338976625123718700e-12
2.748523656196493411e-15 2.393586746815617421e-12
2.835859731247977109e-15 2.449472430327364898e-12
2.925970965242757664e-15 2.506663486611060881e-12
3.018945540608987103e-15 2.565190423861359776e-12
3.114874441827101703e-15 2.625084463840035126e-12
3.213851544466913900e-15 2.686377558583449157e-12
3.315973707053760165e-15 2.749102407501662445e-12
3.421340865853734398e-15 2.813292474878476986e-12
3.530056132670980002e-15 2.878982007781964004e-12
3.642225895752258520e-15 2.946206054394815003e-12
3.757959923898144375e-15 3.015000482774760897e-12
3.877371473882094821e-15 3.085402000054766489e-12
4.000577401283137967e-15 3.157448172093725351e-12
4.127698274840122265e-15 3.231177443587924207e-12
4.258858494439660483e-15 3.306629158654232494e-12
4.394186412853414391e-15 3.383843581896236162e-12
4.533814461343338014e-15 3.462861919964338445e-12
4.677879279258446619e-15 3.543726343621837489e-12
4.826521847749366274e-15 3.626480010328538730e-12
4.979887627731743453e-15 3.711167087354201100e-12
5.138126702233799612e-15 3.797832775434429130e-12
5.301393923266647007e-15 3.886523332981377867e-12
5.469849063361943442e-15 3.977286100862798735e-12
5.643656971924444754e-15 4.070169527762369193e-12
5.822987736552760669e-15 4.165223196135169564e-12
6.008016849486504333e-15 4.262497848772433309e-12
6.198925379341896711e-15 4.362045415989517308e-12
6.395900148304902421e-15 4.463919043452226167e-12
6.599133914954435880e-15 4.568173120656122909e-12
6.808825562894883509e-15 4.674863310074296921e-12
7.025180295382927524e-15 4.784046576989571361e-12
7.248409836138169115e-15 4.895781220026717796e-12
7.478732636535281352e-15 5.010126902401806561e-12
7.716374089379162176e-15 5.127144683904889064e-12
7.961566749473569756e-15 5.246897053633920856e-12
8.214550561198027313e-15 5.369447963497094276e-12
8.475573093316113309e-15 5.494862862501846526e-12
8.744889781245422863e-15 5.623208731849314671e-12
9.022764177025072944e-15 5.754554120852625369e-12
9.309468207226812848e-15 5.888969183699088155e-12
9.605282439060970064e-15 6.026525717075600973e-12
9.910496354937998963e-15 6.167297198677810945e-12
1.022540863575500308e-14 6.311358826624093611e-12
1.055032745318299938e-14 6.458787559795033361e-12
1.088557077124264896e-14 6.609662159120970799e-12
1.123146665746220219e-14 6.764063229839291737e-12
1.158835360392261795e-14 6.922073264744555878e-12
1.195658085850477151e-14 7.083776688455154540e-12
1.233650876666124403e-14 7.249259902719710172e-12
1.272850912404925141e-14 7.418611332788636509e-12
1.313296554036754066e-14 7.591921474874992199e-12
1.355027381475551790e-14 7.769282944731244691e-12
1.398084232312022786e-14 7.950790527367467443e-12
1.442509241777085404e-14 8.136541227938192269e-12
1.488345883975262355e-14 8.326634323825749373e-12
1.535639014428171317e-14 8.521171417947558410e-12
1.584434913969985237e-14 8.720256493317126489e-12
1.634781334037610391e-14 8.923995968887544461e-12
1.686727543399995221e-14 9.132498756708027435e-12
1.740324376372371069e-14 9.345876320424804716e-12
1.795624282562405875e-14 9.564242735157189450e-12
1.852681378197204528e-14 9.787714748782365924e-12
1.911551499081166487e-14 1.001641184466114650e-11
1.972292255236610561e-14 1.025045630583911339e-11
2.034963087280739340e-14 1.048997328075831671e-11
2.099625324593865982e-14 1.073509085051417973e-11
2.166342245336140263e-14 1.098594009769533385e-11
2.235179138371168840e-14 1.124265517684240600e-11
2.306203367157470509e-14 1.150537338656526754e-11
2.379484435670002516e-14 1.177423524335685334e-11
2.455094056416384257e-14 1.204938455714393880e-11
2.533106220614510247e-14 1.233096850861647817e-11
2.613597270599898315e-14 1.261913772837616007e-11
2.696645974534031462e-14 1.291404637794873189e-11
2.782333603486478425e-14 1.321585223270277993e-11
2.870744010966320698e-14 1.352471676672047652e-11
2.961963714980915399e-14 1.384080523966699909e-11
3.056081982701876557e-14 1.416428678570441322e-11
3.153190917821629654e-14 1.449533450450003375e-11
3.253385550685594408e-14 1.483412555437726267e-11
3.356763931288379761e-14 1.518084124766016987e-11
3.463427225225174253e-14 1.553566714826420687e-11
3.573479812691767622e-14 1.589879317158462958e-11
3.687029390630674011e-14 1.627041368673888806e-11
3.804187078122693319e-14 1.665072762121652224e-11
3.925067525127657249e-14 1.703993856799559065e-11
4.049789024680283254e-14 1.743825489518221975e-11
4.178473628651108645e-14 1.784588985823357721e-11
4.311247267186032663e-14 1.826306171482617215e-11
4.448239871940781219e-14 1.868999384243018286e-11
4.589585503231566843e-14 1.912691485865595771e-11
4.735422481225829074e-14 1.957405874443661139e-11
4.885893521301601755e-14 2.003166497011426088e-11
5.041145873708296509e-14 2.049997862449964627e-11
5.201331467664891282e-14 2.097925054697344652e-11
5.366607060037334012e-14 2.146973746270356510e-11
5.537134388739991866e-14 2.197170212105031818e-11
5.713080331011513658e-14 2.248541343723556108e-11
5.894617066720334353e-14 2.301114663735416401e-11
6.081922246858811194e-14 2.354918340680452259e-11
6.275179167391927408e-14 2.409981204222202964e-11
6.474576948629569045e-14 2.466332760699542475e-11
6.680310720299022367e-14 2.524003209045388401e-11
6.892581812497895381e-14 2.583023457080935449e-11
7.111597952714691142e-14 2.643425138194401843e-11
7.337573469110198977e-14 2.705240628413517277e-11
7.570729500257727908e-14 2.768503063880808071e-11
7.811294211548540739e-14 2.833246358741553374e-11
8.059503018473305223e-14 2.899505223453922716e-11
8.315598816998461768e-14 2.967315183531409454e-11
8.579832221263361708e-14 3.036712598727923141e-11
8.852461808829735212e-14 3.107734682675754558e-11
9.133754373724780555e-14 3.180419522987506346e-11
9.423985187524407042e-14 3.254806101832684434e-11
9.723438268732568346e-14 3.330934317000340797e-11
1.003240666072075147e-13 3.408845003459430781e-11
1.035119271849842779e-13 3.488579955428351157e-11
1.068010840459662469e-13 3.570181948966167411e-11
1.101947559435282094e-13 3.653694765097554118e-11
1.136962639089645694e-13 3.739163213484262604e-11
1.173090345014388833e-13 3.826633156656227336e-11
1.210366031611937615e-13 3.916151534815249964e-11
1.248826176693210597e-13 4.007766391225311459e-11
1.288508417174578054e-13 4.101526898202944970e-11
1.329451585909220017e-13 4.197483383722435880e-11
1.371695749688752263e-13 4.295687358650037137e-11
1.415282248452374952e-13 4.396191544622301087e-11
1.460253735741998658e-13 4.499049902584037434e-11
1.506654220442732539e-13 4.604317662001104530e-11
1.554529109849829876e-13 4.712051350764631897e-11
1.603925254104029343e-13 4.822308825802661822e-11
1.654890992038853561e-13 4.935149304416192435e-11
1.707476198484825684e-13 5.050633396357071260e-11
1.761732333076671004e-13 5.168823136664874148e-11
1.817712490611536212e-13 5.289782019281441266e-11
1.875471453007281117e-13 5.413575031461052266e-11
1.935065742911774194e-13 5.540268688995386632e-11
1.996553679015758119e-13 5.669931072272871458e-11
2.059995433123164124e-13 5.802631863191748759e-11
2.125453089035039272e-13 5.938442382947852679e-11
2.192990703304373874e-13 6.077435630717227451e-11
2.262674367921620660e-13 6.219686323255581369e-11
2.334572274991969338e-13 6.365270935435878596e-11
2.408754783467786074e-13 6.514267741746582349e-11
2.485294488001630991e-13 6.666756858773762866e-11
2.564266289986948517e-13 6.822820288689841520e-11
2.645747470856304725e-13 6.982541963773756780e-11
2.729817767708595763e-13 7.146007791986464000e-11
2.816559451339346222e-13 7.313305703627212600e-11
2.906057406750633351e-13 7.484525699096682661e-11
2.998399216219019359e-13 7.659759897792596411e-11
3.093675245003268780e-13 7.839102588165759415e-11
3.191978729775316672e-13 8.022650278963469133e-11
3.293405869861179058e-13 8.210501751688882851e-11
3.398055921381286398e-13 8.402758114305730586e-11
3.506031294381904995e-13 8.599522856217285499e-11
3.617437653053282513e-13 8.800901904551035040e-11
3.732384019131960738e-13 9.007003681779132449e-11
3.850982878589079485e-13 9.217939164707658985e-11
3.973350291708550859e-13 9.433821944866467075e-11
4.099606006663046816e-13 9.654768290333433485e-11
4.229873576699139720e-13 9.880897209027814988e-11
4.364280481045759327e-13 1.011233051350681221e-10
4.502958249664906760e-13 1.034919288730249760e-10
4.646042591966203937e-13 1.059161195283494249e-10
4.793673529611396736e-13 1.083971834093958585e-10
4.945995533539066616e-13 1.109364576204796259e-10
5.103157665343006740e-13 1.135353107906022303e-10
5.374320295963368341e-13 1.161952192530676071e-10
5.736632831781918111e-13 1.189179449806855760e-10
6.123370851453657921e-13 1.217050401062763123e-10
6.536181011394052557e-13 1.245580646358011862e-10
6.976820978197950637e-13 1.274786189236367471e-10
7.447166912447828347e-13 1.304683448810234692e-10
7.949221457045609780e-13 1.335289272307207943e-10
8.485122264083133210e-13 1.366620948101780217e-10
9.057151096555115728e-13 1.398696219256372956e-10
9.667743543668623671e-13 1.431533297597454826e-10
1.031949939111614632e-12 1.465150878354086453e-10
1.101519369046426488e-12 1.499568155387635885e-10
1.175778857479251389e-12 1.534804837043474424e-10
1.255044587088838420e-12 1.570881162656993262e-10
1.339654056169971660e-12 1.607817919748445458e-10
1.429967515636671097e-12 1.645636461943239800e-10
1.526369502901465046e-12 1.684358727656305527e-10
1.629270479162147524e-12 1.724007259581880487e-10
1.739108577066904261e-12 1.764605225032273535e-10
1.856351466199145537e-12 1.806176437172042185e-10
1.981498344325161582e-12 1.848745377196940809e-10
2.115082062882428750e-12 1.892337217509794919e-10
2.257671395759154468e-12 1.936977845949118388e-10
2.409873461024365211e-12 1.982693891129314343e-10
2.572336305920528480e-12 2.029512748955475099e-10
2.745751666124535645e-12 2.077462610379320601e-10
2.930857911025610638e-12 2.126572490467274076e-10
3.128443187560975660e-12 2.176872258856206586e-10
3.339348775994294929e-12 2.228392671676815299e-10
3.564472671926139477e-12 2.281165405030211734e-10
3.804773409787165563e-12 2.335223090108224113e-10
4.061274144094001203e-12 2.390599350054019232e-10
4.335067005845506372e-12 2.447328838665839633e-10
4.627317752607035427e-12 2.505447281052895298e-10
4.939270732083190631e-12 2.564991516359983649e-10
5.272254180311900916e-12 2.625999542684394594e-10
5.627685877038861538e-12 2.688510564316921166e-10
6.007079182352593001e-12 2.752565041447379304e-10
6.412049480281303476e-12 2.818204742483689063e-10
6.844321056789175211e-12 2.885472799143854963e-10
7.305734441455534420e-12 2.954413764489924304e-10
7.798254244097058452e-12 3.025073674084346022e-10
8.323977519700625021e-12 3.097500110460933243e-10
8.885142697281130217e-12 3.171742271114741090e-10
9.484139110684245163e-12 3.247851040229167689e-10
1.012351717191148697e-11 3.325879064372074033e-10
1.080599923028678529e-11 3.405880832408710865e-10
1.153449116369819083e-11 3.487912759894720893e-10
1.231209475126894011e-11 3.572033278230201327e-10
1.314212088013979159e-11 3.658302928874321953e-10
1.402810364259124341e-11 3.746784462939120963e-10
1.497381538353255609e-11 3.837542946502893343e-10
1.612444781310674826e-11 3.930655861849203530e-10
1.745724235918797952e-11 4.026235380797594576e-10
1.890020137866122556e-11 4.124367345193618019e-10
2.046243070950633490e-11 4.225138015326863623e-10
2.215378884873060774e-11 4.328637872981084356e-10
2.398494916472158521e-11 4.434961902540309445e-10
2.596746725187074514e-11 4.544209893748436560e-10
2.811385385251516585e-11 4.656486767875430747e-10
3.043765380636533236e-11 4.771902929186590555e-10
3.295353152564232080e-11 4.890574643768363957e-10
3.567736353530601993e-11 5.012624447931689862e-10
3.862633866236504921e-11 5.138181588597896999e-10
4.181906650650551525e-11 5.267382498268750717e-10
4.527569487654953032e-11 5.400371307397167717e-10
4.901803693383625275e-11 5.537300397206835258e-10
5.306970884485331676e-11 5.678330996259232309e-10
5.745627881179789465e-11 5.823633824339341866e-10
6.220542842151381270e-11 5.973389787524228660e-10
6.734712733100756125e-11 6.127790728617774514e-10
7.291382239191130429e-11 6.287040237479609696e-10
7.894064240734669199e-11 6.451354526148423084e-10
8.546561981334124853e-11 6.620963374065240305e-10
9.252993068370198740e-11 6.796111149138069499e-10
1.001781545729112803e-10 6.977057910863650687e-10
1.084585558368078371e-10 7.164080602234611388e-10
1.174233882063011044e-10 7.357474337714090231e-10
1.271292245361848798e-10 7.557553795162294981e-10
1.376373138098922750e-10 7.764654720247749690e-10
1.490139676531317887e-10 7.979135552582070175e-10
1.613309787954680420e-10 8.201379183577378027e-10
1.744101588886665721e-10 8.431775746355102357e-10
1.884045641479898379e-10 8.670690827787837330e-10
2.035218591507177933e-10 8.918569988727667904e-10
2.198521428580081131e-10 9.175894477843850070e-10
2.374927436343054734e-10 9.443178607733821115e-10
2.565487993236303242e-10 9.720972278474221528e-10
2.771338838703365406e-10 1.000986370063950196e-09
2.993706842189141536e-10 1.031048233372133750e-09
3.233917315272530956e-10 1.062350205716186561e-09
3.493401910513086363e-10 1.094964459259023939e-09
3.773707154089015272e-10 1.128968319734374151e-09
4.076503663081595202e-10 1.164444665096437018e-09
4.403596102339591824e-10 1.201482355809819867e-09
4.756933940268255920e-10 1.240176699310640018e-09
5.136142888139959136e-10 1.280629779510656911e-09
5.503926411010629803e-10 1.322895412035814610e-09
5.898045789919863341e-10 1.367034657606760582e-09
6.320386855172979264e-10 1.413154793283131407e-09
6.772970475630481796e-10 1.461370150886810136e-09
7.257962228406372067e-10 1.511802607549174621e-09
7.777682760985296248e-10 1.564582111044057525e-09
8.145133721154852913e-10 1.619631847830097104e-09
8.529467122160690376e-10 1.676841268384785556e-09
8.931935543190285341e-10 1.736302065873124383e-09
9.353394696888813603e-10 1.798110023193299316e-09
9.794740673256107887e-10 1.862365199123369880e-09
1.025691184487803775e-09 1.929172124398137723e-09
1.074089086205740355e-09 1.998640006905485358e-09
1.124770674208724240e-09 2.070882946429523170e-09
1.177843705710652371e-09 2.146020159387560735e-09
1.233421022519270643e-09 2.224176214029607808e-09
1.291620790955940928e-09 2.305481276590362031e-09
1.352566753096334741e-09 2.390071368907513511e-09
1.416388489865971306e-09 2.478088638043598956e-09
1.483221696550088259e-09 2.569681638474374163e-09
1.553208471303741763e-09 2.665005627433215810e-09
1.626497617275259064e-09 2.764222874028188388e-09
1.703244958985771902e-09 2.867502982778358552e-09
1.783613673637194442e-09 2.975023232245409117e-09
1.867774638053172984e-09 3.086968929469017184e-09
1.955906791990822410e-09 3.203533780947851670e-09
2.048197518595329586e-09 3.324920280942202287e-09
2.144843042806790191e-09 3.451340117911961124e-09
2.246048848565976694e-09 3.583014599940759635e-09
2.352030115706207918e-09 3.720175100037871181e-09
2.463012177460440075e-09 3.863063522251531511e-09
2.579230999555843616e-09 4.011932789570345061e-09
2.700933681915051283e-09 4.167047354636845690e-09
